00 00 00 00 00 00 00 00 00 00 00 00 00 00 00 00 00 00 00 00 00 00 00 00 00 00 00 00
00 00 00 00 00 00 00 00 00 00 00 00 00 00 00 00 00 00 00 00 00 00 00 00 00 00 00 00
00 00 00 00 00 00 00 00 00 00 00 00 00 00 00 00 00 00 00 00 00 00 00 00 00 00 00 00
00 00 00 00 00 00 00 00 00 00 00 00 00 00 00 00 00 00 00 00 00 00 00 00 00 00 00 00
00 00 00 00 00 00 00 00 00 00 00 00 00 00 00 33 9f fd 9f 32 00 00 00 00 00 00 00 00
00 00 00 00 00 00 00 00 00 00 00 00 00 00 30 ee fc fc fc ed 00 00 00 00 00 00 00 00
00 00 00 00 00 00 00 00 00 00 00 00 00 36 e3 fd fc ef e9 fc 39 06 00 00 00 00 00 00
00 00 00 00 00 00 00 00 00 00 00 0a 3c e0 fc fd fc ca 54 fc fd 7a 00 00 00 00 00 00
00 00 00 00 00 00 00 00 00 00 00 a3 fc fc fc fd fc fc 60 bd fd a7 00 00 00 00 00 00
00 00 00 00 00 00 00 00 00 00 33 ee fd fd be 72 fd e4 2f 4f ff a8 00 00 00 00 00 00
00 00 00 00 00 00 00 00 00 30 ee fc fc b3 0c 4b 79 15 00 00 fd f3 32 00 00 00 00 00
00 00 00 00 00 00 00 00 26 a5 fd e9 d0 54 00 00 00 00 00 00 fd fc a5 00 00 00 00 00
00 00 00 00 00 00 00 07 b2 fc f0 47 13 1c 00 00 00 00 00 00 fd fc c3 00 00 00 00 00
00 00 00 00 00 00 00 39 fc fc 3f 00 00 00 00 00 00 00 00 00 fd fc c3 00 00 00 00 00
00 00 00 00 00 00 00 c6 fd be 00 00 00 00 00 00 00 00 00 00 ff fd c4 00 00 00 00 00
00 00 00 00 00 00 4c f6 fc 70 00 00 00 00 00 00 00 00 00 00 fd fc 94 00 00 00 00 00
00 00 00 00 00 00 55 fc e6 19 00 00 00 00 00 00 00 00 07 87 fd ba 0c 00 00 00 00 00
00 00 00 00 00 00 55 fc df 00 00 00 00 00 00 00 00 07 83 fc e1 47 00 00 00 00 00 00
00 00 00 00 00 00 55 fc 91 00 00 00 00 00 00 00 30 a5 fc ad 00 00 00 00 00 00 00 00
00 00 00 00 00 00 56 fd e1 00 00 00 00 00 00 72 ee fd a2 00 00 00 00 00 00 00 00 00
00 00 00 00 00 00 55 fc f9 92 30 1d 55 b2 e1 fd df a7 38 00 00 00 00 00 00 00 00 00
00 00 00 00 00 00 55 fc fc fc e5 d7 fc fc fc c4 82 00 00 00 00 00 00 00 00 00 00 00
00 00 00 00 00 00 1c c7 fc fc fd fc fc e9 91 00 00 00 00 00 00 00 00 00 00 00 00 00
00 00 00 00 00 00 00 19 80 fc fd fc 8d 25 00 00 00 00 00 00 00 00 00 00 00 00 00 00
00 00 00 00 00 00 00 00 00 00 00 00 00 00 00 00 00 00 00 00 00 00 00 00 00 00 00 00
00 00 00 00 00 00 00 00 00 00 00 00 00 00 00 00 00 00 00 00 00 00 00 00 00 00 00 00
00 00 00 00 00 00 00 00 00 00 00 00 00 00 00 00 00 00 00 00 00 00 00 00 00 00 00 00
00 00 00 00 00 00 00 00 00 00 00 00 00 00 00 00 00 00 00 00 00 00 00 00 00 00 00 00
