00 00 00 00 00 00 00 00 00 00 00 00 00 00 00 00 00 00 00 00 00 00 00 00 00 00 00 00
00 00 00 00 00 00 00 00 00 00 00 00 00 00 00 00 00 00 00 00 00 00 00 00 00 00 00 00
00 00 00 00 00 00 00 00 00 00 00 00 00 00 00 00 00 00 00 00 00 00 00 00 00 00 00 00
00 00 00 00 00 00 00 00 00 00 00 00 00 00 00 00 00 00 00 00 00 00 00 00 00 00 00 00
00 00 00 00 00 00 00 00 00 00 00 00 00 00 00 00 00 00 00 00 00 00 00 00 00 00 00 00
00 00 00 00 00 00 00 00 00 00 00 00 00 00 00 00 00 00 00 00 00 00 00 00 00 00 00 00
00 00 00 00 00 00 00 00 00 29 98 98 98 56 1d 00 00 00 00 00 00 00 00 00 00 00 00 00
00 00 00 00 00 00 00 40 be f7 fe fe fe fe e9 33 00 00 00 00 00 00 00 00 00 00 00 00
00 00 00 00 00 00 00 e9 f4 c3 87 d8 f4 fe fe 25 00 00 00 00 00 00 00 00 00 00 00 00
00 00 00 00 00 00 00 00 00 00 00 00 0b fe fe 81 00 00 00 00 00 00 00 00 00 00 00 00
00 00 00 00 00 00 00 00 00 00 00 00 03 b4 fe d5 00 00 00 00 00 00 00 00 00 00 00 00
00 00 00 00 00 00 00 00 00 00 00 06 77 f7 fe 83 00 00 00 00 00 00 00 00 00 00 00 00
00 00 00 00 00 00 00 00 00 02 4a c0 fe f4 a3 08 00 00 00 00 00 00 00 00 00 00 00 00
00 00 00 00 00 00 00 00 1c 8e fe fe fb 55 00 00 00 00 00 00 00 00 00 00 00 00 00 00
00 00 00 00 00 00 00 04 b8 fe e9 97 1a 00 00 00 00 00 00 00 00 00 00 00 0d 16 0d 00
00 00 00 00 00 00 00 40 fe f9 00 00 00 00 00 00 00 00 00 28 3c 48 a8 a8 d8 fe da 00
00 00 00 00 00 00 00 93 fe fd 8d 43 00 00 4c 63 a7 cf cf ee fe fe fe fe fe e3 6f 00
00 00 00 00 00 00 00 06 bb fe fe fb f5 f5 fc fe fe fe fe f8 e3 e3 99 77 3b 08 00 00
00 00 00 00 00 00 00 00 3b 81 e4 fe fe fe fe fe d5 bd 58 3e 00 00 00 00 00 00 00 00
00 00 00 00 00 00 00 00 00 00 1a 7c 97 97 97 90 10 00 00 00 00 00 00 00 00 00 00 00
00 00 00 00 00 00 00 00 00 00 00 00 00 00 00 00 00 00 00 00 00 00 00 00 00 00 00 00
00 00 00 00 00 00 00 00 00 00 00 00 00 00 00 00 00 00 00 00 00 00 00 00 00 00 00 00
00 00 00 00 00 00 00 00 00 00 00 00 00 00 00 00 00 00 00 00 00 00 00 00 00 00 00 00
00 00 00 00 00 00 00 00 00 00 00 00 00 00 00 00 00 00 00 00 00 00 00 00 00 00 00 00
00 00 00 00 00 00 00 00 00 00 00 00 00 00 00 00 00 00 00 00 00 00 00 00 00 00 00 00
00 00 00 00 00 00 00 00 00 00 00 00 00 00 00 00 00 00 00 00 00 00 00 00 00 00 00 00
00 00 00 00 00 00 00 00 00 00 00 00 00 00 00 00 00 00 00 00 00 00 00 00 00 00 00 00
00 00 00 00 00 00 00 00 00 00 00 00 00 00 00 00 00 00 00 00 00 00 00 00 00 00 00 00
