00 00 00 00 00 00 00 00 00 00 00 00 00 00 00 00 00 00 00 00 00 00 00 00 00 00 00 00
00 00 00 00 00 00 00 00 00 00 00 00 00 00 00 00 00 00 00 00 00 00 00 00 00 00 00 00
00 00 00 00 00 00 00 00 00 00 00 00 00 00 00 00 00 00 00 00 00 00 00 00 00 00 00 00
00 00 00 00 00 00 00 00 00 00 00 00 00 00 00 00 00 00 00 00 00 00 00 00 00 00 00 00
00 00 00 00 00 00 00 00 00 65 de 9f 71 72 0c 00 00 00 00 00 00 00 00 00 00 00 00 00
00 00 00 00 00 00 39 a3 e2 f9 fc fc fc fd e4 61 00 00 00 00 00 00 00 00 00 00 00 00
00 00 00 00 00 4c ea fc fd fc fc dc fc fd fc ef 42 00 00 00 00 00 00 00 00 00 00 00
00 00 00 00 00 c5 fc fc e1 63 54 25 54 92 f9 fc b4 0d 00 00 00 00 00 00 00 00 00 00
00 00 00 00 30 e3 fc ad 00 00 00 00 00 00 e1 fc fc 70 00 00 00 00 00 00 00 00 00 00
00 00 00 00 56 e4 2f 00 00 00 00 00 00 00 a3 fd fd 70 00 00 00 00 00 00 00 00 00 00
00 00 00 00 09 15 00 00 00 00 00 00 00 00 55 fc fc 70 00 00 00 00 00 00 00 00 00 00
00 00 00 00 00 00 00 00 00 00 00 00 00 00 55 fc fc bd 00 00 00 00 00 00 00 00 00 00
00 00 00 00 00 00 00 00 00 00 00 00 00 0d 68 fc fc 70 00 00 00 00 00 00 00 00 00 00
00 00 00 00 00 00 00 00 00 00 00 00 4f bf fc fc fc 70 00 00 00 00 00 00 00 00 00 00
00 00 00 00 00 00 00 00 00 00 00 1d fd ff fd fd fd fd 3f 00 00 00 00 00 00 00 00 00
00 00 00 00 00 00 00 00 00 00 00 03 98 fd fc fc fc fc f1 18 00 00 00 00 00 00 00 00
00 00 00 00 00 00 00 00 00 00 00 00 1f 38 37 37 9b fc fd 3b 00 00 00 00 00 00 00 00
00 00 00 00 00 00 00 00 00 00 00 00 00 00 00 00 0a b1 fd e0 35 00 00 00 00 00 00 00
00 00 00 00 00 00 00 00 00 30 8c 7e 00 00 00 00 00 3f fd fc c3 00 00 00 00 00 00 00
00 00 00 00 00 00 00 00 00 e2 fd 54 00 00 00 00 00 00 c0 fd c4 00 00 00 00 00 00 00
00 00 00 00 00 00 00 00 00 e1 fc ea 92 55 39 00 00 30 9f fc c3 00 00 00 00 00 00 00
00 00 00 00 00 00 00 00 00 61 d0 fc fc fd e9 c5 c5 e3 fd fc c3 00 00 00 00 00 00 00
00 00 00 00 00 00 00 00 00 00 13 63 df ed fc fc fc fc fd e2 60 00 00 00 00 00 00 00
00 00 00 00 00 00 00 00 00 00 00 00 00 32 ed fc fc fc be 0c 00 00 00 00 00 00 00 00
00 00 00 00 00 00 00 00 00 00 00 00 00 00 00 00 00 00 00 00 00 00 00 00 00 00 00 00
00 00 00 00 00 00 00 00 00 00 00 00 00 00 00 00 00 00 00 00 00 00 00 00 00 00 00 00
00 00 00 00 00 00 00 00 00 00 00 00 00 00 00 00 00 00 00 00 00 00 00 00 00 00 00 00
00 00 00 00 00 00 00 00 00 00 00 00 00 00 00 00 00 00 00 00 00 00 00 00 00 00 00 00
