00 00 00 00 00 00 00 00 00 00 00 00 00 00 00 00 00 00 00 00 00 00 00 00 00 00 00 00
00 00 00 00 00 00 00 00 00 00 00 00 00 00 00 00 00 00 00 00 00 00 00 00 00 00 00 00
00 00 00 00 00 00 00 00 00 00 00 00 00 00 00 00 00 00 00 00 00 00 00 00 00 00 00 00
00 00 00 00 00 00 00 00 00 00 00 00 00 00 00 00 00 00 00 00 00 00 00 00 00 00 00 00
00 00 00 00 00 00 00 00 00 00 00 00 00 00 00 00 00 00 00 00 00 00 00 00 00 00 00 00
00 00 00 00 00 00 00 00 00 00 00 00 00 00 00 00 00 00 00 07 1d 80 fb af 00 00 00 00
00 00 00 00 00 00 00 00 00 00 00 00 00 00 00 00 00 00 00 52 fc fc 7d 00 00 00 00 00
00 00 00 00 00 00 00 00 00 00 00 00 00 00 00 00 00 00 3c ea fc 7f 00 00 00 00 00 00
00 00 00 00 00 00 00 00 00 00 00 00 00 00 00 00 00 33 f1 fc b1 03 00 00 00 00 00 00
00 00 00 00 00 00 00 00 00 00 00 20 8d f1 f2 2f 0a b3 ff b8 00 00 00 00 00 00 00 00
00 00 00 00 00 00 00 00 00 00 2d bb fc fc d1 29 ac fc de 41 00 00 00 00 00 00 00 00
00 00 00 00 00 00 00 00 00 4c e5 fc fc 4d 19 5f fc fc 71 00 00 00 00 00 00 00 00 00
00 00 00 00 00 00 00 00 26 ed fd e3 67 03 4c f3 fc ca 0d 00 00 00 00 00 00 00 00 00
00 00 00 00 00 00 00 20 e5 fd e2 58 00 00 cc fd f4 19 00 07 42 1c 00 00 00 00 00 00
00 00 00 00 00 00 00 39 fc fc c2 39 39 52 fd fc bb 9d aa bb fc d7 00 00 00 00 00 00
00 00 00 00 00 00 00 39 fc fc fd fc fc e4 fd fc fc fc fd fc e0 76 00 00 00 00 00 00
00 00 00 00 00 00 00 07 74 f0 fd fc fc fc fd fc fc ca 8c 41 13 00 00 00 00 00 00 00
00 00 00 00 00 00 00 00 00 00 72 cf fd fd e2 71 4c 00 00 00 00 00 00 00 00 00 00 00
00 00 00 00 00 00 00 00 00 00 07 bb fc e3 26 00 00 00 00 00 00 00 00 00 00 00 00 00
00 00 00 00 00 00 00 00 00 00 75 fc e0 2b 00 00 00 00 00 00 00 00 00 00 00 00 00 00
00 00 00 00 00 00 00 00 00 00 8d e3 5e 00 00 00 00 00 00 00 00 00 00 00 00 00 00 00
00 00 00 00 00 00 00 00 00 00 cc c5 00 00 00 00 00 00 00 00 00 00 00 00 00 00 00 00
00 00 00 00 00 00 00 00 00 00 f7 67 00 00 00 00 00 00 00 00 00 00 00 00 00 00 00 00
00 00 00 00 00 00 00 00 00 7e 89 00 00 00 00 00 00 00 00 00 00 00 00 00 00 00 00 00
00 00 00 00 00 00 00 00 26 ed 3f 00 00 00 00 00 00 00 00 00 00 00 00 00 00 00 00 00
00 00 00 00 00 00 00 00 00 00 00 00 00 00 00 00 00 00 00 00 00 00 00 00 00 00 00 00
00 00 00 00 00 00 00 00 00 00 00 00 00 00 00 00 00 00 00 00 00 00 00 00 00 00 00 00
00 00 00 00 00 00 00 00 00 00 00 00 00 00 00 00 00 00 00 00 00 00 00 00 00 00 00 00
