00 00 00 00 00 00 00 00 00 00 00 00 00 00 00 00 00 00 00 00 00 00 00 00 00 00 00 00
00 00 00 00 00 00 00 00 00 00 00 00 00 00 00 00 00 00 00 00 00 00 00 00 00 00 00 00
00 00 00 00 00 00 00 00 00 00 00 00 00 00 00 00 26 de e1 00 00 00 00 00 00 00 00 00
00 00 00 00 00 00 00 00 00 00 00 00 00 00 00 93 ea fc b0 00 00 00 00 00 00 00 00 00
00 00 00 00 00 00 00 00 00 00 00 00 00 17 c5 fd fc d0 13 00 00 00 00 00 00 00 00 00
00 00 00 00 00 00 00 00 00 00 00 00 26 b2 fc fd 75 41 00 00 00 00 00 00 00 00 00 00
00 00 00 00 00 00 00 00 00 00 00 00 39 fc fc fd 59 00 00 00 00 00 00 00 00 00 00 00
00 00 00 00 00 00 00 00 00 00 00 26 de fd fd 4f 00 00 00 00 00 00 00 00 00 00 00 00
00 00 00 00 00 00 00 00 00 00 00 83 fc b3 1b 00 00 00 00 00 00 00 00 00 00 00 00 00
00 00 00 00 00 00 00 00 00 00 c6 f6 dc 25 00 00 00 00 00 00 00 00 00 00 00 00 00 00
00 00 00 00 00 00 00 00 00 4f fd fc 87 1c 00 00 00 00 00 00 00 00 00 00 00 00 00 00
00 00 00 00 00 00 00 00 10 8c fd fc 76 00 00 00 00 6f 8c 8c 00 00 00 00 00 00 00 00
00 00 00 00 00 00 00 00 0d bf ff fd 38 00 00 72 71 de fd fd ff 1b 00 00 00 00 00 00
00 00 00 00 00 00 00 00 4c fc fd df 25 00 30 ae fc fc f2 d6 fd c7 1f 00 00 00 00 00
00 00 00 00 00 00 00 0d 6d fc e4 82 00 26 a5 fd e9 a4 31 3f fd d6 1f 00 00 00 00 00
00 00 00 00 00 00 00 49 fc fc 7e 00 17 b2 fc f0 94 07 2c d7 f0 94 00 00 00 00 00 00
00 00 00 00 00 00 00 77 fc fc 00 00 c5 fc fc 3f 00 39 fc fc 8c 00 00 00 00 00 00 00
00 00 00 00 00 00 00 87 fd ae 00 30 e5 fd 70 00 26 de fd 70 00 00 00 00 00 00 00 00
00 00 00 00 00 00 00 87 fc ad 00 30 e3 fc 9e e2 ea c9 1b 0c 00 00 00 00 00 00 00 00
00 00 00 00 00 00 00 39 fc fc 39 68 f0 fc fc fd e9 4a 00 00 00 00 00 00 00 00 00 00
00 00 00 00 00 00 00 33 f2 fc fd fc fc fc fc f0 94 00 00 00 00 00 00 00 00 00 00 00
00 00 00 00 00 00 00 00 4b bd fd fc fc 9d 70 3f 00 00 00 00 00 00 00 00 00 00 00 00
00 00 00 00 00 00 00 00 00 00 00 00 00 00 00 00 00 00 00 00 00 00 00 00 00 00 00 00
00 00 00 00 00 00 00 00 00 00 00 00 00 00 00 00 00 00 00 00 00 00 00 00 00 00 00 00
00 00 00 00 00 00 00 00 00 00 00 00 00 00 00 00 00 00 00 00 00 00 00 00 00 00 00 00
00 00 00 00 00 00 00 00 00 00 00 00 00 00 00 00 00 00 00 00 00 00 00 00 00 00 00 00
00 00 00 00 00 00 00 00 00 00 00 00 00 00 00 00 00 00 00 00 00 00 00 00 00 00 00 00
00 00 00 00 00 00 00 00 00 00 00 00 00 00 00 00 00 00 00 00 00 00 00 00 00 00 00 00
