00 00 00 00 00 00 00 00 00 00 00 00 00 00 00 00 00 00 00 00 00 00 00 00 00 00 00 00
00 00 00 00 00 00 00 00 00 00 00 00 00 00 00 00 00 00 00 00 00 00 00 00 00 00 00 00
00 00 00 00 00 00 00 00 00 00 00 00 00 00 00 00 00 00 00 00 00 00 00 00 00 00 00 00
00 00 00 00 00 00 00 00 00 00 00 00 00 00 00 00 00 00 00 00 00 00 00 00 00 00 00 00
00 00 00 00 00 00 00 00 00 00 00 00 00 00 00 00 00 00 00 00 00 00 00 00 00 00 00 00
00 00 00 00 00 00 00 00 00 00 00 00 00 00 00 00 00 00 00 00 00 00 00 00 00 00 00 00
00 00 00 00 00 00 00 00 00 00 00 00 00 00 00 00 00 00 00 00 00 00 00 00 00 00 00 00
00 00 00 00 00 00 00 00 00 00 00 00 f9 ff 30 00 00 00 00 00 00 00 00 00 00 00 00 00
00 00 00 00 00 00 00 00 15 54 06 a7 fd fd ed ea ea 9f ea ea 73 49 00 00 00 00 00 00
00 00 00 00 00 00 00 00 61 f8 d7 fd fd b9 b1 e9 fd fd fd fd fd bf 00 00 00 00 00 00
00 00 00 00 00 00 00 00 c0 fd fd fd e5 15 00 2d 3d 3d 9b fd fd a1 00 00 00 00 00 00
00 00 00 00 00 00 00 00 ae fd fd fd 32 00 00 00 00 05 d4 fd f2 2f 00 00 00 00 00 00
00 00 00 00 00 00 00 00 35 f1 f5 a8 03 00 00 00 11 9a fd fd 59 00 00 00 00 00 00 00
00 00 00 00 00 00 00 00 00 11 32 00 00 00 00 00 63 fd fd c8 11 00 00 00 00 00 00 00
00 00 00 00 00 00 00 00 00 00 00 00 00 00 00 15 cb fd c7 0b 00 00 00 00 00 00 00 00
00 00 00 00 00 00 00 00 00 00 00 00 00 00 00 ab fd fd 81 00 00 00 00 00 00 00 00 00
00 00 00 00 00 00 00 00 00 00 00 00 00 00 39 f1 fd d2 18 00 00 00 00 00 00 00 00 00
00 00 00 00 00 00 00 00 00 00 00 00 00 00 aa fd e9 1d 00 00 00 00 00 00 00 00 00 00
00 00 00 00 00 00 00 00 00 00 00 00 00 3b ed fd e2 00 00 00 00 00 00 00 00 00 00 00
00 00 00 00 00 00 00 00 00 00 00 00 03 a8 fd fc 90 00 00 00 00 00 00 00 00 00 00 00
00 00 00 00 00 00 00 00 00 00 00 00 b1 fd fd 89 00 00 00 00 00 00 00 00 00 00 00 00
00 00 00 00 00 00 00 00 00 00 00 36 fa fd bc 04 00 00 00 00 00 00 00 00 00 00 00 00
00 00 00 00 00 00 00 00 00 00 39 ed fd af 19 00 00 00 00 00 00 00 00 00 00 00 00 00
00 00 00 00 00 00 00 00 00 00 97 fd fd 82 00 00 00 00 00 00 00 00 00 00 00 00 00 00
00 00 00 00 00 00 00 00 00 2f df fd eb 16 00 00 00 00 00 00 00 00 00 00 00 00 00 00
00 00 00 00 00 00 00 00 23 df fd fd 3a 00 00 00 00 00 00 00 00 00 00 00 00 00 00 00
00 00 00 00 00 00 00 00 38 fd fd b6 03 00 00 00 00 00 00 00 00 00 00 00 00 00 00 00
00 00 00 00 00 00 00 00 00 00 00 00 00 00 00 00 00 00 00 00 00 00 00 00 00 00 00 00
