00 00 00 00 00 00 00 00 00 00 00 00 00 00 00 00 00 00 00 00 00 00 00 00 00 00 00 00
00 00 00 00 00 00 00 00 00 00 00 00 00 00 00 00 00 00 00 00 00 00 00 00 00 00 00 00
00 00 00 00 00 00 00 00 00 00 00 00 00 00 00 00 00 00 00 00 00 00 00 00 00 00 00 00
00 00 00 00 00 00 00 00 00 00 00 00 00 00 00 00 00 00 00 00 00 00 00 00 00 00 00 00
00 00 00 00 00 00 00 00 00 00 00 00 00 00 00 00 00 00 00 00 00 00 00 00 00 00 00 00
00 00 00 00 00 00 00 00 00 00 04 3e 92 b6 fe fe b5 b0 8b 0f 00 00 00 00 00 00 00 00
00 00 00 00 00 00 00 00 00 22 ba fd d9 d0 88 88 88 a6 e8 63 00 00 00 00 00 00 00 00
00 00 00 00 00 00 00 00 3d f2 d0 6f 03 00 00 00 00 00 12 20 6b 2b 00 00 00 00 00 00
00 00 00 00 00 00 00 00 9c f2 17 00 00 00 00 00 00 00 0d bf b5 06 00 00 00 00 00 00
00 00 00 00 00 00 00 00 79 ff 62 03 00 00 00 00 00 08 c2 e1 0c 00 00 00 00 00 00 00
00 00 00 00 00 00 00 00 00 a9 fd 78 03 00 00 00 00 80 f7 33 00 00 00 00 00 00 00 00
00 00 00 00 00 00 00 00 00 03 6f f4 a9 13 00 0e 83 f9 75 00 00 00 00 00 00 00 00 00
00 00 00 00 00 00 00 00 00 00 00 3b f1 eb 48 8e e5 42 00 00 00 00 00 00 00 00 00 00
00 00 00 00 00 00 00 00 00 00 00 00 19 da fe e7 24 00 00 00 00 00 00 00 00 00 00 00
00 00 00 00 00 00 00 00 00 00 00 00 00 85 fd dd 21 00 00 00 00 00 00 00 00 00 00 00
00 00 00 00 00 00 00 00 00 00 00 00 13 ed 6f c4 d9 13 00 00 00 00 00 00 00 00 00 00
00 00 00 00 00 00 00 00 00 00 00 00 ae 8a 00 17 c1 cc 12 00 00 00 00 00 00 00 00 00
00 00 00 00 00 00 00 00 00 00 00 60 e0 00 00 00 19 da a9 03 00 00 00 00 00 00 00 00
00 00 00 00 00 00 00 00 00 00 00 d7 8a 00 00 00 00 56 fd 63 00 00 00 00 00 00 00 00
00 00 00 00 00 00 00 00 00 00 00 d7 61 00 00 00 00 03 a2 d6 0b 00 00 00 00 00 00 00
00 00 00 00 00 00 00 00 00 00 00 d7 61 00 00 00 00 00 76 fd 44 00 00 00 00 00 00 00
00 00 00 00 00 00 00 00 00 00 00 b9 9d 00 00 00 00 00 28 fe 62 00 00 00 00 00 00 00
00 00 00 00 00 00 00 00 00 00 00 32 f4 3d 00 00 00 00 70 f4 3a 00 00 00 00 00 00 00
00 00 00 00 00 00 00 00 00 00 00 00 ae fb 8e 3b 53 a7 f4 6f 00 00 00 00 00 00 00 00
00 00 00 00 00 00 00 00 00 00 00 00 06 85 fd fd fd a9 3d 03 00 00 00 00 00 00 00 00
00 00 00 00 00 00 00 00 00 00 00 00 00 00 00 00 00 00 00 00 00 00 00 00 00 00 00 00
00 00 00 00 00 00 00 00 00 00 00 00 00 00 00 00 00 00 00 00 00 00 00 00 00 00 00 00
00 00 00 00 00 00 00 00 00 00 00 00 00 00 00 00 00 00 00 00 00 00 00 00 00 00 00 00
