00 00 00 00 00 00 00 00 00 00 00 00 00 00 00 00 00 00 00 00 00 00 00 00 00 00 00 00
00 00 00 00 00 00 00 00 00 00 00 00 00 00 00 00 00 00 00 00 00 00 00 00 00 00 00 00
00 00 00 00 00 00 00 00 00 00 00 00 00 00 00 00 00 00 00 00 00 00 00 00 00 00 00 00
00 00 00 00 00 00 00 00 00 00 00 00 00 00 00 00 00 00 00 00 00 00 00 00 00 00 00 00
00 00 00 00 00 00 00 00 00 00 00 00 00 00 00 00 00 00 00 00 00 00 00 00 00 00 00 00
00 00 00 00 00 00 00 00 00 00 00 00 00 00 00 00 00 00 00 00 00 00 00 00 00 00 00 00
00 00 00 00 00 00 00 00 00 00 00 00 00 00 00 00 00 00 00 00 00 00 00 00 00 00 00 00
00 00 00 00 00 00 00 00 00 00 00 00 20 aa ff fe d7 9f 49 0c 00 00 00 00 00 00 00 00
00 00 00 00 00 00 00 00 00 00 00 4f e1 ef d8 c9 7d d7 fa 90 00 00 00 00 00 00 00 00
00 00 00 00 00 00 00 00 00 00 23 e3 f8 77 00 00 00 00 e7 7b 00 00 00 00 00 00 00 00
00 00 00 00 00 00 00 00 00 00 93 fd 44 00 00 00 03 8a b8 10 00 00 00 00 00 00 00 00
00 00 00 00 00 00 00 00 00 23 f7 94 03 00 00 07 5a fd ab 00 00 00 00 00 00 00 00 00
00 00 00 00 00 00 00 00 00 78 fd 67 00 00 05 59 fd fd 7b 00 00 00 00 00 00 00 00 00
00 00 00 00 00 00 00 00 00 8c fd bb 55 78 c6 fd fd fd 12 00 00 00 00 00 00 00 00 00
00 00 00 00 00 00 00 00 00 0b d0 fd fd fd c5 f7 fb 6a 01 00 00 00 00 00 00 00 00 00
00 00 00 00 00 00 00 00 00 00 1a 80 56 25 43 f9 e9 00 00 00 00 00 00 00 00 00 00 00
00 00 00 00 00 00 00 00 00 00 00 00 00 00 c2 fd 73 00 00 00 00 00 00 00 00 00 00 00
00 00 00 00 00 00 00 00 00 00 00 00 00 3c ff 9c 00 00 00 00 00 00 00 00 00 00 00 00
00 00 00 00 00 00 00 00 00 00 00 00 00 8f fe 6c 00 00 00 00 00 00 00 00 00 00 00 00
00 00 00 00 00 00 00 00 00 00 00 00 3d ee ca 06 00 00 00 00 00 00 00 00 00 00 00 00
00 00 00 00 00 00 00 00 00 00 00 00 96 fd a0 00 00 00 00 00 00 00 00 00 00 00 00 00
00 00 00 00 00 00 00 00 00 00 00 69 fa a5 07 00 00 00 00 00 00 00 00 00 00 00 00 00
00 00 00 00 00 00 00 00 00 00 07 c1 c6 36 00 00 00 00 00 00 00 00 00 00 00 00 00 00
00 00 00 00 00 00 00 00 00 00 97 ea 35 00 00 00 00 00 00 00 00 00 00 00 00 00 00 00
00 00 00 00 00 00 00 00 00 21 de 55 00 00 00 00 00 00 00 00 00 00 00 00 00 00 00 00
00 00 00 00 00 00 00 00 06 c4 5c 02 00 00 00 00 00 00 00 00 00 00 00 00 00 00 00 00
00 00 00 00 00 00 00 00 97 81 00 00 00 00 00 00 00 00 00 00 00 00 00 00 00 00 00 00
00 00 00 00 00 00 00 00 00 00 00 00 00 00 00 00 00 00 00 00 00 00 00 00 00 00 00 00
