00 00 00 00 00 00 00 00 00 00 00 00 00 00 00 00 00 00 00 00 00 00 00 00 00 00 00 00
00 00 00 00 00 00 00 00 00 00 00 00 00 00 00 00 00 00 00 00 00 00 00 00 00 00 00 00
00 00 00 00 00 00 00 00 00 00 00 00 00 00 00 00 00 00 00 00 00 00 00 00 00 00 00 00
00 00 00 00 00 00 00 00 00 00 00 00 00 00 00 00 00 00 00 00 00 00 00 00 00 00 00 00
00 00 00 00 00 00 00 00 00 00 00 00 00 00 00 00 00 40 fd ff 3f 00 00 00 00 00 00 00
00 00 00 00 00 00 00 00 00 00 00 00 00 00 00 00 60 cd fb fd cd 6f 04 00 00 00 00 00
00 00 00 00 00 00 00 00 00 00 00 00 00 00 00 60 bd fb fb fd fb fb 1f 00 00 00 00 00
00 00 00 00 00 00 00 00 00 00 00 00 10 40 df f4 fb fb d3 d5 fb fb 1f 00 00 00 00 00
00 00 00 00 00 00 00 00 00 00 00 50 b5 fb fd fb fb fb 5e 60 fb fb 1f 00 00 00 00 00
00 00 00 00 00 00 00 00 00 00 5c fd fd fd ff fd fd fd 5f 60 fd fd 1f 00 00 00 00 00
00 00 00 00 00 00 00 00 00 5c ec fb f3 dc e9 fb fb f3 52 60 fb fb 1f 00 00 00 00 00
00 00 00 00 00 00 00 00 50 fd fb fb bc 00 60 fb fb 6d 00 60 fb fb 1f 00 00 00 00 00
00 00 00 00 00 00 00 60 f0 fd f3 bc 2a 00 60 cc 6d 04 00 0c c5 fb 1f 00 00 00 00 00
00 00 00 00 00 00 00 dd fb fd 79 00 00 00 24 17 00 00 00 00 be fb 1f 00 00 00 00 00
00 00 00 00 00 00 30 ea fd 00 00 00 00 00 00 00 00 00 00 00 bf fd 1f 00 00 00 00 00
00 00 00 00 00 2c dd fb fb 00 00 00 00 00 00 00 00 00 00 0c c5 fb 1f 00 00 00 00 00
00 00 00 00 00 be fb fb fb 00 00 00 00 00 00 00 00 00 00 60 fb fb 1f 00 00 00 00 00
00 00 00 00 00 be fb fb 71 00 00 00 00 00 00 00 00 00 28 ea fb db 17 00 00 00 00 00
00 00 00 00 00 be fb fb 5e 00 00 00 00 00 00 00 00 28 d9 fd e7 2f 00 00 00 00 00 00
00 00 00 00 00 bf fd fd fd 00 00 00 00 00 00 0c ae fd fd db 27 00 00 00 00 00 00 00
00 00 00 00 00 43 ec fb fb bf be 6f 48 be bf c5 fb f3 79 27 00 00 00 00 00 00 00 00
00 00 00 00 00 00 3f ec fb fd fb fb fb fb fd fb bc 5e 00 00 00 00 00 00 00 00 00 00
00 00 00 00 00 00 00 1b 81 fd fb fb fb fb e5 a8 0f 00 00 00 00 00 00 00 00 00 00 00
00 00 00 00 00 00 00 00 00 5f d4 fb d3 5e 3b 00 00 00 00 00 00 00 00 00 00 00 00 00
00 00 00 00 00 00 00 00 00 00 00 00 00 00 00 00 00 00 00 00 00 00 00 00 00 00 00 00
00 00 00 00 00 00 00 00 00 00 00 00 00 00 00 00 00 00 00 00 00 00 00 00 00 00 00 00
00 00 00 00 00 00 00 00 00 00 00 00 00 00 00 00 00 00 00 00 00 00 00 00 00 00 00 00
00 00 00 00 00 00 00 00 00 00 00 00 00 00 00 00 00 00 00 00 00 00 00 00 00 00 00 00
