00 00 00 00 00 00 00 00 00 00 00 00 00 00 00 00 00 00 00 00 00 00 00 00 00 00 00 00
00 00 00 00 00 00 00 00 00 00 00 00 00 00 00 00 00 00 00 00 00 00 00 00 00 00 00 00
00 00 00 00 00 00 00 00 00 00 00 00 00 00 00 00 00 00 00 00 00 00 00 00 00 00 00 00
00 00 00 00 00 00 00 00 00 00 00 00 00 00 00 00 00 00 00 00 00 00 00 00 00 00 00 00
00 00 00 00 00 00 00 00 00 00 00 00 00 00 00 00 00 00 00 00 00 00 00 00 00 00 00 00
00 00 00 00 00 00 00 00 00 00 1a 2f 2f 2f 2f 2f 2f 2f 2f 2f 24 00 00 00 00 00 00 00
00 00 00 00 00 00 00 00 8f 92 cd fd fd fd fd fd fd fd fd fd e3 35 00 00 00 00 00 00
00 00 00 00 00 00 66 f7 fd fd fd fd fd fd fd fd fd fd fd fd fd f1 00 00 00 00 00 00
00 00 00 00 00 00 c8 fd fd f7 d6 ee d6 d6 d6 d6 d6 f8 fd fd f4 73 00 00 00 00 00 00
00 00 00 00 00 00 c8 fd fd 82 00 9a 00 00 00 00 44 f0 fd fd bf 00 00 00 00 00 00 00
00 00 00 00 00 00 85 a8 70 04 00 09 00 00 1a 64 f6 fd fd fd 8b 00 00 00 00 00 00 00
00 00 00 00 00 00 00 00 00 00 00 00 04 70 ce fd fd fd fb 97 0a 00 00 00 00 00 00 00
00 00 00 00 00 00 00 00 00 00 00 00 70 fd fd fd fd d9 73 00 00 00 00 00 00 00 00 00
00 00 00 00 00 00 00 00 00 00 00 7d f7 fd fd f6 b0 22 00 00 00 00 00 00 00 00 00 00
00 00 00 00 00 00 00 00 17 2f b1 f9 fd f1 e6 73 00 00 00 00 00 00 00 00 00 00 00 00
00 00 00 00 00 00 00 48 fa fd fd fd ee 3f 00 00 00 00 00 00 00 00 00 00 00 00 00 00
00 00 00 00 00 00 54 f1 fd fd fd e6 44 00 00 00 00 00 00 00 00 03 46 a3 1c 00 00 00
00 00 00 00 00 44 ec fd fd f1 99 38 00 00 05 10 10 07 10 57 a9 ac fd fd ca 00 00 00
00 00 00 00 00 ab fd fd fd 3d 00 00 55 74 9d fd fd a9 fd fd fd fd fd fd b6 00 00 00
00 00 00 00 00 ff fd fd fd e1 d8 d8 f3 fd fd fd fd fd fd fd fd fb bf 9e 0f 00 00 00
00 00 00 00 00 98 f5 fa fd fd fd fd fd fd fd fd fd f6 f5 f5 d0 59 00 00 00 00 00 00
00 00 00 00 00 00 00 55 91 e3 fd fd fd c5 91 91 91 11 00 00 00 00 00 00 00 00 00 00
00 00 00 00 00 00 00 00 00 23 2d 2d 2d 16 00 00 00 00 00 00 00 00 00 00 00 00 00 00
00 00 00 00 00 00 00 00 00 00 00 00 00 00 00 00 00 00 00 00 00 00 00 00 00 00 00 00
00 00 00 00 00 00 00 00 00 00 00 00 00 00 00 00 00 00 00 00 00 00 00 00 00 00 00 00
00 00 00 00 00 00 00 00 00 00 00 00 00 00 00 00 00 00 00 00 00 00 00 00 00 00 00 00
00 00 00 00 00 00 00 00 00 00 00 00 00 00 00 00 00 00 00 00 00 00 00 00 00 00 00 00
00 00 00 00 00 00 00 00 00 00 00 00 00 00 00 00 00 00 00 00 00 00 00 00 00 00 00 00
