00 00 00 00 00 00 00 00 00 00 00 00 00 00 00 00 00 00 00 00 00 00 00 00 00 00 00 00
00 00 00 00 00 00 00 00 00 00 00 00 00 00 00 00 00 00 00 00 00 00 00 00 00 00 00 00
00 00 00 00 00 00 00 00 00 00 00 00 00 00 00 00 00 00 00 00 00 00 00 00 00 00 00 00
00 00 00 00 00 00 00 00 00 00 00 00 00 00 00 00 00 00 00 00 00 00 00 00 00 00 00 00
00 00 00 00 00 00 00 00 00 00 00 00 00 00 00 00 00 00 00 00 00 00 00 00 00 00 00 00
00 00 00 00 00 00 00 00 00 00 00 00 00 00 00 00 00 00 00 00 00 00 00 00 00 00 00 00
00 00 00 00 00 00 00 00 00 00 00 00 00 61 7d 7d 7d 7d 7d 7d 7d 7d 3a 00 00 00 00 00
00 00 00 00 00 00 00 00 00 00 28 e2 f9 fd fe fe ff fe fe ff ff fe f8 3a 00 00 00 00
00 00 00 00 00 00 00 00 2c 9f f7 fe fe fe fe fe fe fe fe fe fe fe fe f8 00 00 00 00
00 00 00 00 00 00 00 00 7e f1 fe fe fe ad 95 95 7f 13 24 95 9d fe fe bb 00 00 00 00
00 00 00 00 00 00 00 00 00 16 88 74 19 06 00 00 00 00 40 63 b2 fe c9 59 00 00 00 00
00 00 00 00 00 00 00 00 00 00 00 00 00 00 00 00 41 71 f3 fe fe fe 75 00 00 00 00 00
00 00 00 00 00 00 00 00 00 00 00 00 00 00 a2 d8 f3 fe fe fe f8 60 12 00 00 00 00 00
00 00 00 00 00 00 00 00 00 00 00 42 75 d2 f3 fe fe ca b0 5f 2a 00 00 00 00 00 00 00
00 00 00 00 00 00 00 00 00 00 00 ad fe fe fe fe 72 11 00 00 00 00 00 00 00 00 00 00
00 00 00 00 00 00 00 00 00 00 00 7f bd ce fe fe bf 16 00 00 00 00 00 00 00 00 00 00
00 00 00 00 00 00 00 00 00 00 00 00 00 11 5f ee fe d3 63 00 00 00 00 00 00 00 00 00
00 00 00 00 00 00 00 00 00 00 00 00 00 00 00 4f ef fe e4 15 00 00 00 00 00 00 00 00
00 00 00 00 00 00 00 00 00 00 00 00 00 00 00 00 b1 fe f9 50 00 00 00 00 00 00 00 00
00 00 00 00 00 00 00 00 00 00 00 00 00 00 00 09 bd fe ef 33 00 00 00 00 00 00 00 00
00 00 00 00 11 a1 a4 2b 04 00 00 00 00 00 27 b7 fe f9 7e 00 00 00 00 00 00 00 00 00
00 00 00 00 8a ff fe fe 19 00 0e 00 16 80 b4 fe fa c1 00 00 00 00 00 00 00 00 00 00
00 00 00 00 ec fe fe fe a1 97 cc 97 ea ff fe fa 7e 00 00 00 00 00 00 00 00 00 00 00
00 00 00 00 00 f2 fe fe fe fe fe fe fb f1 8f 58 00 00 00 00 00 00 00 00 00 00 00 00
00 00 00 00 00 37 75 75 a7 f8 f8 cf 54 00 00 00 00 00 00 00 00 00 00 00 00 00 00 00
00 00 00 00 00 00 00 00 00 00 00 00 00 00 00 00 00 00 00 00 00 00 00 00 00 00 00 00
00 00 00 00 00 00 00 00 00 00 00 00 00 00 00 00 00 00 00 00 00 00 00 00 00 00 00 00
00 00 00 00 00 00 00 00 00 00 00 00 00 00 00 00 00 00 00 00 00 00 00 00 00 00 00 00
