00 00 00 00 00 00 00 00 00 00 00 00 00 00 00 00 00 00 00 00 00 00 00 00 00 00 00 00
00 00 00 00 00 00 00 00 00 00 00 00 00 00 00 00 00 00 00 00 00 00 00 00 00 00 00 00
00 00 00 00 00 00 00 00 00 00 00 00 00 00 00 00 00 00 00 00 00 00 00 00 00 00 00 00
00 00 00 00 00 00 00 00 00 00 00 00 00 00 00 00 00 00 00 00 00 00 00 00 00 00 00 00
00 00 00 00 00 00 00 00 00 00 00 00 00 00 00 00 00 63 e8 0d 00 00 00 00 00 00 00 00
00 00 00 00 00 00 00 00 00 00 00 00 00 00 00 00 00 63 fe 51 00 00 00 00 00 00 00 00
00 00 00 00 00 00 00 00 00 00 00 00 00 00 00 00 00 63 fe b0 00 00 00 00 00 00 00 00
00 00 00 00 00 00 00 00 00 00 00 00 00 00 00 00 00 63 fe e4 1a 00 00 00 00 00 00 00
00 00 00 00 00 00 00 00 00 00 00 00 00 00 00 00 00 63 fe fe 2b 00 00 00 00 00 00 00
00 00 00 00 00 00 00 00 00 0a e2 33 00 00 00 00 00 63 fe fe 2b 00 00 00 00 00 00 00
00 00 00 00 00 00 00 00 00 0b ec 3a 00 00 00 00 00 63 fe fe 2b 00 00 00 00 00 00 00
00 00 00 00 00 00 00 00 00 0b fe ea 10 00 00 00 00 63 fe e8 1c 00 00 00 00 00 00 00
00 00 00 00 00 00 00 00 00 70 fe fe 15 00 00 00 00 97 fe b6 00 00 00 00 00 00 00 00
00 00 00 00 00 00 00 00 00 8f fe c7 08 00 00 00 00 cf fe 51 00 00 00 00 00 00 00 00
00 00 00 00 00 00 00 00 41 f9 fe 52 00 00 00 00 30 f4 fe 51 00 00 00 00 00 00 00 00
00 00 00 00 00 00 00 04 8f fe fe f3 e8 82 2d 16 a9 fe f1 28 00 00 00 00 00 00 00 00
00 00 00 00 00 00 00 74 fe fe fe fe fe fe fe fe fe fe 9b 00 00 00 00 00 00 00 00 00
00 00 00 00 00 00 00 98 fe fa 9c 4a 30 76 9c f9 fe fe 77 00 00 00 00 00 00 00 00 00
00 00 00 00 00 00 00 48 77 44 00 00 00 00 00 92 fe ca 09 00 00 00 00 00 00 00 00 00
00 00 00 00 00 00 00 00 00 00 00 00 00 00 00 ef ff 9c 00 00 00 00 00 00 00 00 00 00
00 00 00 00 00 00 00 00 00 00 00 00 00 00 00 ef fe 71 00 00 00 00 00 00 00 00 00 00
00 00 00 00 00 00 00 00 00 00 00 00 00 07 70 fe f7 2a 00 00 00 00 00 00 00 00 00 00
00 00 00 00 00 00 00 00 00 00 00 00 00 37 fe fe a4 00 00 00 00 00 00 00 00 00 00 00
00 00 00 00 00 00 00 00 00 00 00 00 00 37 fe fe 57 00 00 00 00 00 00 00 00 00 00 00
00 00 00 00 00 00 00 00 00 00 00 00 00 00 00 00 00 00 00 00 00 00 00 00 00 00 00 00
00 00 00 00 00 00 00 00 00 00 00 00 00 00 00 00 00 00 00 00 00 00 00 00 00 00 00 00
00 00 00 00 00 00 00 00 00 00 00 00 00 00 00 00 00 00 00 00 00 00 00 00 00 00 00 00
00 00 00 00 00 00 00 00 00 00 00 00 00 00 00 00 00 00 00 00 00 00 00 00 00 00 00 00
