00 00 00 00 00 00 00 00 00 00 00 00 00 00 00 00 00 00 00 00 00 00 00 00 00 00 00 00
00 00 00 00 00 00 00 00 00 00 00 00 00 00 00 00 00 00 00 00 00 00 00 00 00 00 00 00
00 00 00 00 00 00 00 00 00 00 00 00 00 00 00 00 00 00 00 00 00 00 00 00 00 00 00 00
00 00 00 00 00 00 00 00 00 00 00 00 00 00 00 00 00 00 00 00 00 00 00 00 00 00 00 00
00 00 00 00 00 00 00 00 00 00 00 10 bf c0 6d 1f 00 00 00 00 00 00 00 00 00 00 00 00
00 00 00 00 00 00 00 00 00 00 15 b5 fc fd fc e3 d9 9c 34 00 00 00 00 00 00 00 00 00
00 00 00 00 00 00 00 00 00 10 b5 fc fc fd fc fc fc fd e7 33 00 00 00 00 00 00 00 00
00 00 00 00 00 00 00 00 01 bf fc fc fc 6c e8 fc fc fd fc 9a 00 00 00 00 00 00 00 00
00 00 00 00 00 00 00 10 bf fc fc ec 3e 00 00 00 00 00 2a 29 00 00 00 00 00 00 00 00
00 00 00 00 00 00 00 25 fc fc fc f7 86 49 0a 00 00 00 00 00 00 00 00 00 00 00 00 00
00 00 00 00 00 00 00 0b 47 d7 f7 fc fc fd be 48 00 00 00 00 00 00 00 00 00 00 00 00
00 00 00 00 00 00 00 00 00 00 5d 6c be fd fc ec 90 54 00 00 00 00 00 00 00 00 00 00
00 00 00 00 00 00 00 00 00 00 00 00 00 3f b0 fd fd c0 4e 00 00 00 00 00 00 00 00 00
00 00 00 00 00 00 00 00 00 00 00 00 00 00 0a 38 b3 fd f2 72 1f 00 00 00 00 00 00 00
00 00 00 00 00 00 00 00 00 00 00 00 00 00 00 00 00 95 fc fc d3 00 00 00 00 00 00 00
00 00 00 00 00 00 00 00 00 00 00 00 00 00 00 00 00 2f 94 fc fc 00 00 00 00 00 00 00
00 00 00 00 00 00 00 00 00 00 00 00 00 00 00 00 00 00 2a de fd 00 00 00 00 00 00 00
00 00 00 00 00 00 00 00 00 00 00 00 00 00 00 00 00 00 15 c9 fc 7d 00 00 00 00 00 00
00 00 00 00 00 00 00 00 01 63 2e 00 00 00 00 00 00 10 b5 fc fc 90 00 00 00 00 00 00
00 00 00 00 00 00 00 00 01 fc b3 00 00 00 00 00 00 bf fc fc fc 90 00 00 00 00 00 00
00 00 00 00 00 00 00 00 01 fd fd 48 00 00 00 4f bf ff fd fd bf 00 00 00 00 00 00 00
00 00 00 00 00 00 00 00 01 d2 fc e3 d9 49 c5 f2 fc fd fc b3 0f 00 00 00 00 00 00 00
00 00 00 00 00 00 00 00 00 1f ce fc fc fd fc fc fc d9 5b 14 00 00 00 00 00 00 00 00
00 00 00 00 00 00 00 00 00 00 1f d3 fc fd fc fc a8 00 00 00 00 00 00 00 00 00 00 00
00 00 00 00 00 00 00 00 00 00 00 00 00 00 00 00 00 00 00 00 00 00 00 00 00 00 00 00
00 00 00 00 00 00 00 00 00 00 00 00 00 00 00 00 00 00 00 00 00 00 00 00 00 00 00 00
00 00 00 00 00 00 00 00 00 00 00 00 00 00 00 00 00 00 00 00 00 00 00 00 00 00 00 00
00 00 00 00 00 00 00 00 00 00 00 00 00 00 00 00 00 00 00 00 00 00 00 00 00 00 00 00
