00 00 00 00 00 00 00 00 00 00 00 00 00 00 00 00 00 00 00 00 00 00 00 00 00 00 00 00
00 00 00 00 00 00 00 00 00 00 00 00 00 00 00 00 00 00 00 00 00 00 00 00 00 00 00 00
00 00 00 00 00 00 00 00 00 00 00 00 00 00 00 00 00 00 00 00 00 00 00 00 00 00 00 00
00 00 00 00 00 00 00 00 00 00 00 00 00 00 00 00 22 a9 fa 28 00 00 00 00 00 00 00 00
00 00 00 00 00 00 00 00 00 00 00 00 00 00 00 3a f2 dd 8f 11 00 00 00 00 00 00 00 00
00 00 00 00 00 00 00 00 00 00 00 00 00 00 4b f7 8f 0a 00 00 00 00 00 00 00 00 00 00
00 00 00 00 00 00 00 00 00 00 00 00 00 25 f5 b8 02 00 00 00 00 00 00 00 00 00 00 00
00 00 00 00 00 00 00 00 00 00 00 00 08 c0 c8 0e 00 00 00 00 00 00 00 00 00 00 00 00
00 00 00 00 00 00 00 00 00 00 00 00 8b f7 1c 00 00 00 00 00 00 00 00 00 00 00 00 00
00 00 00 00 00 00 00 00 00 00 00 07 e7 b7 00 00 00 00 00 00 00 00 00 00 00 00 00 00
00 00 00 00 00 00 00 00 00 00 00 7d f3 32 00 00 00 00 00 00 00 00 00 00 00 00 00 00
00 00 00 00 00 00 00 00 00 00 00 c3 b8 00 00 00 00 00 00 00 00 00 00 00 00 00 00 00
00 00 00 00 00 00 00 00 00 00 3d fb 29 00 00 00 40 2b 00 00 00 00 00 00 00 00 00 00
00 00 00 00 00 00 00 00 00 00 98 d2 07 00 60 ed fe f7 6b 00 00 00 00 00 00 00 00 00
00 00 00 00 00 00 00 00 00 00 fa 54 00 06 df 54 0d 57 f6 48 00 00 00 00 00 00 00 00
00 00 00 00 00 00 00 00 00 2b fe 50 00 38 97 00 00 00 93 c1 00 00 00 00 00 00 00 00
00 00 00 00 00 00 00 00 00 43 fe 29 00 0d 13 00 00 00 2a fd 00 00 00 00 00 00 00 00
00 00 00 00 00 00 00 00 00 43 fe 0d 00 00 00 00 00 00 0e fd 00 00 00 00 00 00 00 00
00 00 00 00 00 00 00 00 00 44 ff 0d 00 00 00 00 00 00 4d f0 00 00 00 00 00 00 00 00
00 00 00 00 00 00 00 00 00 43 fe 0d 00 00 00 00 00 05 b5 93 00 00 00 00 00 00 00 00
00 00 00 00 00 00 00 00 00 19 e5 69 00 00 00 00 05 9c d5 14 00 00 00 00 00 00 00 00
00 00 00 00 00 00 00 00 00 00 6b f6 69 0e 31 5f d9 d1 1b 00 00 00 00 00 00 00 00 00
00 00 00 00 00 00 00 00 00 00 00 6b f6 fd fd f0 82 06 00 00 00 00 00 00 00 00 00 00
00 00 00 00 00 00 00 00 00 00 00 00 00 00 00 00 00 00 00 00 00 00 00 00 00 00 00 00
00 00 00 00 00 00 00 00 00 00 00 00 00 00 00 00 00 00 00 00 00 00 00 00 00 00 00 00
00 00 00 00 00 00 00 00 00 00 00 00 00 00 00 00 00 00 00 00 00 00 00 00 00 00 00 00
00 00 00 00 00 00 00 00 00 00 00 00 00 00 00 00 00 00 00 00 00 00 00 00 00 00 00 00
00 00 00 00 00 00 00 00 00 00 00 00 00 00 00 00 00 00 00 00 00 00 00 00 00 00 00 00
