00 00 00 00 00 00 00 00 00 00 00 00 00 00 00 00 00 00 00 00 00 00 00 00 00 00 00 00
00 00 00 00 00 00 00 00 00 00 00 00 00 00 00 00 00 00 00 00 00 00 00 00 00 00 00 00
00 00 00 00 00 00 00 00 00 00 00 00 00 00 00 00 00 00 00 00 00 00 00 00 00 00 00 00
00 00 00 00 00 00 00 00 00 00 00 00 00 00 00 00 00 00 00 00 00 00 00 00 00 00 00 00
00 00 00 00 00 00 00 00 00 00 00 00 00 00 00 00 00 00 00 00 00 00 00 00 00 00 00 00
00 00 00 00 00 00 00 00 00 00 00 00 3c f1 c0 42 1d 04 00 00 00 00 00 00 00 00 00 00
00 00 00 00 00 00 00 00 00 00 00 00 c5 e3 61 d0 fc 80 00 00 00 00 00 00 00 00 00 00
00 00 00 00 00 00 00 00 00 00 00 00 c5 8b 00 0d d1 fc 00 00 00 00 00 00 00 00 00 00
00 00 00 00 00 00 00 00 00 00 00 00 c5 f0 33 00 c5 fc 00 00 00 00 00 00 00 00 00 00
00 00 00 00 00 00 00 00 00 00 00 00 4c fa e5 0a 26 3f 10 68 68 10 00 00 00 00 00 00
00 00 00 00 00 00 00 00 00 00 00 00 00 c8 fd 6d 52 a9 d8 f0 c4 3b 00 00 00 00 00 00
00 00 00 00 00 00 00 00 00 00 00 00 00 71 fd f0 f0 fc ce 51 00 00 00 00 00 00 00 00
00 00 00 00 00 00 00 00 00 00 00 00 00 0d fd fc fc 97 0d 00 00 00 00 00 00 00 00 00
00 00 00 00 00 00 00 00 00 00 00 00 30 f1 ff fd a8 00 00 00 00 00 00 00 00 00 00 00
00 00 00 00 00 00 00 00 00 00 00 0d ac fc fd fc a8 00 00 00 00 00 00 00 00 00 00 00
00 00 00 00 00 00 00 00 00 00 00 90 fc 7f 80 fc a8 00 00 00 00 00 00 00 00 00 00 00
00 00 00 00 00 00 00 00 00 00 0d ce b1 03 1d fc a8 00 00 00 00 00 00 00 00 00 00 00
00 00 00 00 00 00 00 00 00 00 1d fd a8 00 1d fd a8 00 00 00 00 00 00 00 00 00 00 00
00 00 00 00 00 00 00 00 00 00 68 fc a8 00 1d fc a8 00 00 00 00 00 00 00 00 00 00 00
00 00 00 00 00 00 00 00 00 00 68 fc a8 00 42 fc a8 00 00 00 00 00 00 00 00 00 00 00
00 00 00 00 00 00 00 00 00 00 1d fc a8 00 8d fc a8 00 00 00 00 00 00 00 00 00 00 00
00 00 00 00 00 00 00 00 00 00 00 00 00 00 8d fd a8 00 00 00 00 00 00 00 00 00 00 00
00 00 00 00 00 00 00 00 00 00 00 00 00 00 a6 fc a8 00 00 00 00 00 00 00 00 00 00 00
00 00 00 00 00 00 00 00 00 00 00 00 43 93 fd e9 3e 00 00 00 00 00 00 00 00 00 00 00
00 00 00 00 00 00 00 00 00 00 00 00 55 fc fd 60 00 00 00 00 00 00 00 00 00 00 00 00
00 00 00 00 00 00 00 00 00 00 00 00 00 00 00 00 00 00 00 00 00 00 00 00 00 00 00 00
00 00 00 00 00 00 00 00 00 00 00 00 00 00 00 00 00 00 00 00 00 00 00 00 00 00 00 00
00 00 00 00 00 00 00 00 00 00 00 00 00 00 00 00 00 00 00 00 00 00 00 00 00 00 00 00
