00 00 00 00 00 00 00 00 00 00 00 00 00 00 00 00 00 00 00 00 00 00 00 00 00 00 00 00
00 00 00 00 00 00 00 00 00 00 00 00 00 00 00 00 00 00 00 00 00 00 00 00 00 00 00 00
00 00 00 00 00 00 00 00 00 00 00 00 00 00 00 00 00 00 00 00 00 00 00 00 00 00 00 00
00 00 00 00 00 00 00 00 00 00 00 00 00 00 00 00 00 00 00 00 00 00 00 00 00 00 00 00
00 00 00 00 00 00 00 00 00 00 00 00 00 00 00 00 00 00 00 00 00 00 00 00 00 00 00 00
00 00 00 00 00 00 00 00 00 00 00 00 00 00 35 ff fd fd fd 7c 00 00 00 00 00 00 00 00
00 00 00 00 00 00 00 00 00 00 00 00 00 00 b4 fd fb fb fb fb 91 3e 00 00 00 00 00 00
00 00 00 00 00 00 00 00 00 00 00 00 20 d9 f1 fd fb fb fb fb fd 6b 00 00 00 00 00 00
00 00 00 00 00 00 00 00 00 00 00 00 25 fb fb fd fb fb fb fb fd 6b 00 00 00 00 00 00
00 00 00 00 00 00 00 00 00 00 00 00 a6 fb fb fd fb 60 94 fb fd 6b 00 00 00 00 00 00
00 00 00 00 00 00 00 00 00 00 49 fd fd fd fd 82 00 00 6e fd ff 6c 00 00 00 00 00 00
00 00 00 00 00 00 00 00 00 00 49 fb fb fb fb 00 00 00 6d fb fd 6b 00 00 00 00 00 00
00 00 00 00 00 00 00 00 00 00 ca fb fb fb e1 00 00 06 81 fb fd 6b 00 00 00 00 00 00
00 00 00 00 00 00 00 00 00 00 96 fb fb fb 47 00 00 73 fb fb fd 6b 00 00 00 00 00 00
00 00 00 00 00 00 00 00 00 00 fd fb fb ad 14 00 00 d9 fb fb fd 6b 00 00 00 00 00 00
00 00 00 00 00 00 00 00 00 b6 ff fd d8 00 00 00 00 da fd fd b6 00 00 00 00 00 00 00
00 00 00 00 00 00 00 00 3f dd fd fb d7 00 00 00 54 ec fb fb 4d 00 00 00 00 00 00 00
00 00 00 00 00 00 00 00 6d fb fd fb d7 00 00 0b a0 fb fb 60 00 00 00 00 00 00 00 00
00 00 00 00 00 00 00 00 6d fb fd fb 89 00 00 96 fb fb fb 47 00 00 00 00 00 00 00 00
00 00 00 00 00 00 00 00 6d fb fd fb 23 00 82 fd fb fb ad 14 00 00 00 00 00 00 00 00
00 00 00 00 00 00 00 00 6e fd ff fd 62 96 fd ff fd a4 00 00 00 00 00 00 00 00 00 00
00 00 00 00 00 00 00 00 6d fb fd fb fb fb fb fd fb 23 00 00 00 00 00 00 00 00 00 00
00 00 00 00 00 00 00 00 5d f1 fd fb fb fb fb d8 70 05 00 00 00 00 00 00 00 00 00 00
00 00 00 00 00 00 00 00 00 67 fd fb fb fb fb 00 00 00 00 00 00 00 00 00 00 00 00 00
00 00 00 00 00 00 00 00 00 00 7c fb e1 47 47 00 00 00 00 00 00 00 00 00 00 00 00 00
00 00 00 00 00 00 00 00 00 00 00 00 00 00 00 00 00 00 00 00 00 00 00 00 00 00 00 00
00 00 00 00 00 00 00 00 00 00 00 00 00 00 00 00 00 00 00 00 00 00 00 00 00 00 00 00
00 00 00 00 00 00 00 00 00 00 00 00 00 00 00 00 00 00 00 00 00 00 00 00 00 00 00 00
