00 00 00 00 00 00 00 00 00 00 00 00 00 00 00 00 00 00 00 00 00 00 00 00 00 00 00 00
00 00 00 00 00 00 00 00 00 00 00 00 00 00 00 00 00 00 00 00 00 00 00 00 00 00 00 00
00 00 00 00 00 00 00 00 00 00 00 00 00 00 00 00 00 00 00 00 00 00 00 00 00 00 00 00
00 00 00 00 00 00 00 00 00 00 00 00 00 00 00 00 00 00 00 00 00 00 00 00 00 00 00 00
00 00 00 00 00 00 00 00 00 00 00 00 00 00 00 00 00 00 00 00 00 00 00 00 00 00 00 00
00 00 00 00 00 00 00 00 09 07 0d 75 bf 4c 07 06 00 00 00 00 00 00 00 00 00 00 00 00
00 00 00 00 02 53 64 91 df a7 ad fd fd fd cb 85 91 41 07 00 00 00 00 00 00 00 00 00
00 00 00 00 6a fd fd fd fd fd fd fd fd fd fe fd fd fd b8 26 00 00 00 00 00 00 00 00
00 00 00 00 fe fd fd fd fd fd fd fd fd fd fe fd fd fd fd 8c 00 00 00 00 00 00 00 00
00 00 00 00 fe fd fd fd fd fd fd fd c6 c1 fe fd fd fd fd b4 00 00 00 00 00 00 00 00
00 00 00 00 dc fd f3 7b 5e 3c 3c 3c 06 00 3c 76 58 fd fd ec 25 00 00 00 00 00 00 00
00 00 00 00 19 30 29 00 00 00 00 00 00 00 00 00 07 90 fd fd 92 00 00 00 00 00 00 00
00 00 00 00 00 00 00 00 00 00 00 00 00 00 00 00 00 31 fd fd c9 0e 00 00 00 00 00 00
00 00 00 00 00 00 00 00 00 00 00 00 00 00 00 00 00 31 fd fd d9 15 00 00 00 00 00 00
00 00 00 00 00 00 00 00 00 00 00 00 00 00 00 00 00 31 fd fd a8 00 00 00 00 00 00 00
00 00 00 00 00 00 00 00 00 00 00 00 00 00 00 00 08 3b fe fe 74 02 00 00 00 00 00 00
00 00 00 00 00 00 00 00 00 00 00 00 00 0c 59 58 d4 fd fd fd fd a0 91 12 00 00 00 00
00 00 00 00 00 00 00 00 00 00 00 00 56 cb fe fd fd fd fd fd fd fd fd cf 00 00 00 00
00 00 00 00 00 00 00 00 00 00 00 59 f6 fd fe fd fd fd fd fd fd fd fd fd 00 00 00 00
00 00 00 00 00 00 00 00 00 00 00 da fd fd fe fd fd fd fd fd fd fd fd a6 00 00 00 00
00 00 00 00 00 00 00 00 00 00 64 f5 fd fd fe fd fd fd ec 58 3c 76 3c 20 00 00 00 00
00 00 00 00 00 00 00 00 00 19 de fd fd fd fe fd fd d6 25 00 00 00 00 00 00 00 00 00
00 00 00 00 00 00 00 00 00 49 fd fd fd fd fe fd ef 45 00 00 00 00 00 00 00 00 00 00
00 00 00 00 00 00 00 00 00 49 fd fd fd fd fe f3 7c 00 00 00 00 00 00 00 00 00 00 00
00 00 00 00 00 00 00 00 00 04 96 95 f2 fd 0b 0a 00 00 00 00 00 00 00 00 00 00 00 00
00 00 00 00 00 00 00 00 00 00 00 00 00 00 00 00 00 00 00 00 00 00 00 00 00 00 00 00
00 00 00 00 00 00 00 00 00 00 00 00 00 00 00 00 00 00 00 00 00 00 00 00 00 00 00 00
00 00 00 00 00 00 00 00 00 00 00 00 00 00 00 00 00 00 00 00 00 00 00 00 00 00 00 00
