00 00 00 00 00 00 00 00 00 00 00 00 00 00 00 00 00 00 00 00 00 00 00 00 00 00 00 00
00 00 00 00 00 00 00 00 00 00 00 00 00 00 00 00 00 00 00 00 00 00 00 00 00 00 00 00
00 00 00 00 00 00 00 00 00 00 00 00 00 00 00 00 00 00 00 00 00 00 00 00 00 00 00 00
00 00 00 00 00 00 00 00 00 00 00 00 00 00 00 00 00 00 00 00 00 00 00 00 00 00 00 00
00 00 00 00 00 00 00 00 00 00 00 00 00 00 00 00 00 00 00 00 00 00 00 00 00 00 00 00
00 00 00 00 00 00 00 00 00 00 00 00 00 00 00 00 00 00 00 00 00 00 00 00 00 00 00 00
00 00 00 00 00 00 00 00 00 00 00 25 76 76 76 76 76 64 00 00 00 00 00 00 00 00 00 00
00 00 00 00 00 00 00 00 00 62 70 de fd fd fd fd fd fb e1 2b 00 00 00 00 00 00 00 00
00 00 00 00 00 00 00 2c de fb fd fd fd fd fd fd fd fd fd f2 eb a1 30 00 00 00 00 00
00 00 00 00 00 00 00 41 f4 fd 7f 19 81 9b 7e 19 31 9b da fd fd fd ec 30 00 00 00 00
00 00 00 00 00 00 00 00 4f 30 05 00 00 00 00 00 00 00 15 2d a9 fd fd ed 00 00 00 00
00 00 00 00 00 00 00 00 00 00 00 00 00 00 00 00 00 00 00 09 63 fd fd d1 00 00 00 00
00 00 00 00 00 00 00 00 00 00 00 00 00 00 00 00 00 0d 4f a3 fd fd f8 16 00 00 00 00
00 00 00 00 00 00 00 00 00 00 00 00 00 00 00 0f 60 d2 fd fd fd fd d2 00 00 00 00 00
00 00 00 00 00 00 00 00 00 00 00 15 a9 c4 c4 d0 fd fd fd f6 bc 73 1b 00 00 00 00 00
00 00 00 00 00 00 00 00 00 00 00 14 d7 fd fd fd fd f4 c2 6c 00 00 00 00 00 00 00 00
00 00 00 00 00 00 00 00 00 00 00 00 a0 c9 c9 ef fd d6 00 00 00 00 00 00 00 00 00 00
00 00 00 00 57 b0 09 00 00 00 00 00 00 00 00 b7 fd d6 00 00 00 00 00 00 00 00 00 00
00 00 00 00 90 c1 06 00 00 00 00 00 00 00 00 b7 fd 7f 00 00 00 00 00 00 00 00 00 00
00 00 00 00 ff fd 0c 00 00 00 00 00 00 09 40 e4 f7 49 00 00 00 00 00 00 00 00 00 00
00 00 00 00 ae fd a1 67 1b 0d 1b 1b 1b 98 fd fd c2 00 00 00 00 00 00 00 00 00 00 00
00 00 00 00 33 e7 fc fd fd c8 fd fd fd fd fd d4 20 00 00 00 00 00 00 00 00 00 00 00
00 00 00 00 00 00 a7 fd fd fd fd f9 f0 ce 6e 1f 00 00 00 00 00 00 00 00 00 00 00 00
00 00 00 00 00 00 33 75 75 75 75 51 00 00 00 00 00 00 00 00 00 00 00 00 00 00 00 00
00 00 00 00 00 00 00 00 00 00 00 00 00 00 00 00 00 00 00 00 00 00 00 00 00 00 00 00
00 00 00 00 00 00 00 00 00 00 00 00 00 00 00 00 00 00 00 00 00 00 00 00 00 00 00 00
00 00 00 00 00 00 00 00 00 00 00 00 00 00 00 00 00 00 00 00 00 00 00 00 00 00 00 00
00 00 00 00 00 00 00 00 00 00 00 00 00 00 00 00 00 00 00 00 00 00 00 00 00 00 00 00
