00 00 00 00 00 00 00 00 00 00 00 00 00 00 00 00 00 00 00 00 00 00 00 00 00 00 00 00
00 00 00 00 00 00 00 00 00 00 00 00 00 00 00 00 00 00 00 00 00 00 00 00 00 00 00 00
00 00 00 00 00 00 00 00 00 00 00 00 00 00 00 00 00 00 00 00 00 00 00 00 00 00 00 00
00 00 00 00 00 00 00 00 00 00 00 00 00 00 00 00 00 00 00 00 00 00 00 00 00 00 00 00
00 00 00 00 00 00 00 00 00 00 00 00 00 00 00 00 00 00 00 49 b4 00 00 00 00 00 00 00
00 00 00 00 00 00 00 00 00 00 00 00 00 00 00 00 00 00 02 a6 fa 57 00 00 00 00 00 00
00 00 00 00 00 00 00 00 00 00 00 00 00 00 00 00 00 00 0a fe fe 39 00 00 00 00 00 00
00 00 00 00 00 00 00 00 00 00 14 97 6b 00 00 00 00 00 69 fe e7 17 00 00 00 00 00 00
00 00 00 00 00 00 00 00 00 00 57 fe eb 00 00 00 00 15 d5 fe aa 00 00 00 00 00 00 00
00 00 00 00 00 00 00 00 00 00 57 fe eb 00 00 00 00 71 fe e6 2b 00 00 00 00 00 00 00
00 00 00 00 00 00 00 00 00 00 8f fe eb 00 00 00 00 c4 fe b6 00 00 00 00 00 00 00 00
00 00 00 00 00 00 00 00 00 1c f3 fe 9b 00 00 00 48 fb fe 60 00 00 00 00 00 00 00 00
00 00 00 00 00 00 00 00 00 79 fe ed 3a 00 00 00 ad fe b1 00 00 00 00 00 00 00 00 00
00 00 00 00 00 00 00 00 00 af fe c9 00 00 00 52 db fe 5e 00 00 00 00 00 00 00 00 00
00 00 00 00 00 00 00 00 5a f8 fe 76 00 00 7c f6 fe e6 1e 00 00 00 00 00 00 00 00 00
00 00 00 00 00 00 00 00 9a fe c3 03 48 ad fa fe fe 73 00 00 00 00 00 00 00 00 00 00
00 00 00 00 00 00 00 00 f4 fe f8 ec fb fe fe fe f1 17 00 00 00 00 00 00 00 00 00 00
00 00 00 00 00 00 00 00 d2 fe fe f9 ee 94 d4 fe 65 00 00 00 00 00 00 00 00 00 00 00
00 00 00 00 00 00 00 00 4b ad 56 24 00 18 f5 fa 3b 00 00 00 00 00 00 00 00 00 00 00
00 00 00 00 00 00 00 00 00 00 00 00 00 85 fe bd 00 00 00 00 00 00 00 00 00 00 00 00
00 00 00 00 00 00 00 00 00 00 00 00 10 ed fe 45 00 00 00 00 00 00 00 00 00 00 00 00
00 00 00 00 00 00 00 00 00 00 00 00 52 fe df 11 00 00 00 00 00 00 00 00 00 00 00 00
00 00 00 00 00 00 00 00 00 00 00 00 80 fe 6c 00 00 00 00 00 00 00 00 00 00 00 00 00
00 00 00 00 00 00 00 00 00 00 00 00 af fe 0e 00 00 00 00 00 00 00 00 00 00 00 00 00
00 00 00 00 00 00 00 00 00 00 00 00 00 00 00 00 00 00 00 00 00 00 00 00 00 00 00 00
00 00 00 00 00 00 00 00 00 00 00 00 00 00 00 00 00 00 00 00 00 00 00 00 00 00 00 00
00 00 00 00 00 00 00 00 00 00 00 00 00 00 00 00 00 00 00 00 00 00 00 00 00 00 00 00
00 00 00 00 00 00 00 00 00 00 00 00 00 00 00 00 00 00 00 00 00 00 00 00 00 00 00 00
