00 00 00 00 00 00 00 00 00 00 00 00 00 00 00 00 00 00 00 00 00 00 00 00 00 00 00 00
00 00 00 00 00 00 00 00 00 00 00 00 00 00 00 00 00 00 00 00 00 00 00 00 00 00 00 00
00 00 00 00 00 00 00 00 00 00 00 00 00 00 00 00 00 00 00 00 00 00 00 00 00 00 00 00
00 00 00 00 00 00 00 00 00 00 00 00 00 00 00 00 00 00 00 00 00 00 00 00 00 00 00 00
00 00 00 00 00 00 00 00 00 00 00 00 00 00 00 00 00 00 00 00 00 00 00 00 00 00 00 00
00 00 00 00 00 00 00 00 00 00 00 00 00 00 00 00 00 00 00 00 00 0c 0d 00 00 00 00 00
00 00 00 00 00 00 00 00 00 00 00 00 00 00 00 00 07 13 13 13 87 fa fe 00 00 00 00 00
00 00 00 00 00 00 00 00 00 00 00 00 0d 00 08 41 ba fe fe fe fe fe ff 00 00 00 00 00
00 00 00 00 00 00 00 00 00 00 00 17 8c 7f b9 fe fe fe fe fe fe e1 a2 00 00 00 00 00
00 00 00 00 00 00 00 00 00 00 08 82 fe fe bc 5d c4 d9 d9 69 5d 05 00 00 00 00 00 00
00 00 00 00 00 00 00 00 00 08 92 fe f4 b1 13 00 00 00 00 00 00 00 00 00 00 00 00 00
00 00 00 00 00 00 00 00 00 81 fe fe eb 8d 32 23 00 00 00 00 00 00 00 00 00 00 00 00
00 00 00 00 00 00 00 00 00 a8 fe fe fe fe fe e7 8a 08 00 00 00 00 00 00 00 00 00 00
00 00 00 00 00 00 00 00 00 43 c0 83 c0 c0 f1 fe fe 97 08 00 00 00 00 00 00 00 00 00
00 00 00 00 00 00 00 00 00 00 00 00 00 00 31 a2 d1 fe 5b 07 00 00 00 00 00 00 00 00
00 00 00 8b 5d 00 00 00 00 00 00 00 00 00 00 00 3e f4 fe 18 00 00 00 00 00 00 00 00
00 00 00 5e e4 bf 00 00 00 00 00 00 00 00 00 00 6f f8 df 11 00 00 00 00 00 00 00 00
00 00 00 19 d6 fb c8 4d 00 00 00 00 00 00 00 44 f7 fe 9a 00 00 00 00 00 00 00 00 00
00 00 00 00 1a d6 fe fa 8b 20 00 00 00 00 4a ce fe fe 30 00 00 00 00 00 00 00 00 00
00 00 00 00 00 1b a4 fe fe eb 8b 64 82 e0 f8 fe fe 7c 04 00 00 00 00 00 00 00 00 00
00 00 00 00 00 00 03 65 a4 fe fe fe fe fe fe fe 7c 04 00 00 00 00 00 00 00 00 00 00
00 00 00 00 00 00 00 00 03 27 8e de fe fe a6 2a 03 00 00 00 00 00 00 00 00 00 00 00
00 00 00 00 00 00 00 00 00 00 00 08 0c 0c 03 00 00 00 00 00 00 00 00 00 00 00 00 00
00 00 00 00 00 00 00 00 00 00 00 00 00 00 00 00 00 00 00 00 00 00 00 00 00 00 00 00
00 00 00 00 00 00 00 00 00 00 00 00 00 00 00 00 00 00 00 00 00 00 00 00 00 00 00 00
00 00 00 00 00 00 00 00 00 00 00 00 00 00 00 00 00 00 00 00 00 00 00 00 00 00 00 00
00 00 00 00 00 00 00 00 00 00 00 00 00 00 00 00 00 00 00 00 00 00 00 00 00 00 00 00
00 00 00 00 00 00 00 00 00 00 00 00 00 00 00 00 00 00 00 00 00 00 00 00 00 00 00 00
