00 00 00 00 00 00 00 00 00 00 00 00 00 00 00 00 00 00 00 00 00 00 00 00 00 00 00 00
00 00 00 00 00 00 00 00 00 00 00 00 00 00 00 00 00 00 00 00 00 00 00 00 00 00 00 00
00 00 00 00 00 00 00 00 00 00 00 00 00 00 00 00 00 00 00 00 00 00 00 00 00 00 00 00
00 00 00 00 00 00 00 00 00 00 00 00 00 00 00 00 00 00 00 00 00 00 00 00 00 00 00 00
00 00 00 00 00 00 00 00 00 00 00 00 00 02 80 ff 78 00 00 00 00 00 00 00 00 00 00 00
00 00 00 00 00 00 00 00 00 00 00 00 21 a2 fd fd b3 00 00 00 00 00 00 00 00 00 00 00
00 00 00 00 00 00 00 00 00 00 00 00 ae fd fd f8 69 00 00 00 00 00 00 00 00 00 00 00
00 00 00 00 00 00 00 00 00 00 00 26 dc fd fd 71 00 00 00 00 00 00 00 00 00 00 00 00
00 00 00 00 00 00 00 00 00 00 17 dc fd fd fd 3d 00 00 00 00 00 00 00 00 00 00 00 00
00 00 00 00 00 00 00 00 00 00 26 fd fd fd c3 17 00 00 00 00 00 00 00 00 00 00 00 00
00 00 00 00 00 00 00 00 00 00 78 fd fd c3 17 00 00 00 00 00 00 00 00 00 00 00 00 00
00 00 00 00 00 00 00 00 00 00 a1 fd db 18 00 00 00 10 99 80 1f 00 00 00 00 00 00 00
00 00 00 00 00 00 00 00 00 17 e3 fd 74 00 00 00 36 cb fd fd e0 11 00 00 00 00 00 00
00 00 00 00 00 00 00 00 00 7b fd f3 3d 00 00 11 b3 fd fd fd fd 18 00 00 00 00 00 00
00 00 00 00 00 00 00 00 00 9b fd d2 00 00 00 a2 fd fd c4 95 fd 18 00 00 00 00 00 00
00 00 00 00 00 00 00 00 14 e8 fd ad 00 00 00 c0 fd e5 1e 5e fd 18 00 00 00 00 00 00
00 00 00 00 00 00 00 00 19 fd fd 56 00 00 33 f2 e5 39 00 c1 fd 18 00 00 00 00 00 00
00 00 00 00 00 00 00 00 19 fd fd bd 00 14 bc fd 88 00 74 f7 db 10 00 00 00 00 00 00
00 00 00 00 00 00 00 00 10 d9 fd f7 45 38 fd fd 80 84 f7 db 25 00 00 00 00 00 00 00
00 00 00 00 00 00 00 00 00 9b fd fd e9 e6 fd fd fd fd fd 70 00 00 00 00 00 00 00 00
00 00 00 00 00 00 00 00 00 1e d7 fd fd fd fd fd fd fd 7b 04 00 00 00 00 00 00 00 00
00 00 00 00 00 00 00 00 00 00 1e 8d da fd fd a8 6a 12 03 00 00 00 00 00 00 00 00 00
00 00 00 00 00 00 00 00 00 00 00 00 21 db fd 3d 00 00 00 00 00 00 00 00 00 00 00 00
00 00 00 00 00 00 00 00 00 00 00 00 00 b4 c0 02 00 00 00 00 00 00 00 00 00 00 00 00
00 00 00 00 00 00 00 00 00 00 00 00 00 00 00 00 00 00 00 00 00 00 00 00 00 00 00 00
00 00 00 00 00 00 00 00 00 00 00 00 00 00 00 00 00 00 00 00 00 00 00 00 00 00 00 00
00 00 00 00 00 00 00 00 00 00 00 00 00 00 00 00 00 00 00 00 00 00 00 00 00 00 00 00
00 00 00 00 00 00 00 00 00 00 00 00 00 00 00 00 00 00 00 00 00 00 00 00 00 00 00 00
