00 00 00 00 00 00 00 00 00 00 00 00 00 00 00 00 00 00 00 00 00 00 00 00 00 00 00 00
00 00 00 00 00 00 00 00 00 00 00 00 00 00 00 00 00 00 00 00 00 00 00 00 00 00 00 00
00 00 00 00 00 00 00 00 00 00 00 00 00 00 00 00 00 00 00 00 00 00 00 00 00 00 00 00
00 00 00 00 00 00 00 00 00 00 00 00 00 00 00 00 00 00 00 00 00 00 00 00 00 00 00 00
00 00 00 00 00 00 00 00 00 00 00 00 00 00 00 00 00 00 00 00 00 00 00 00 00 00 00 00
00 00 00 00 00 00 00 00 00 00 00 00 00 00 00 00 00 00 00 00 00 00 00 00 00 00 00 00
00 00 00 00 00 00 00 00 00 00 00 00 00 00 00 00 00 00 00 00 00 00 00 00 00 00 00 00
00 00 00 00 00 00 00 00 00 65 fe ff 8d 31 5c 5c 00 00 00 2e 65 62 00 00 00 00 00 00
00 00 00 00 00 00 00 00 4a f0 fd fd f7 cb f8 f8 c8 c8 c8 e0 fd fb 74 00 00 00 00 00
00 00 00 00 00 00 00 00 5d fd fd cc 5e 38 f0 fd fd fd fd fd fd fd 91 00 00 00 00 00
00 00 00 00 00 00 00 36 f5 fd 76 05 00 00 06 15 a0 ba fd fd fd bd 04 00 00 00 00 00
00 00 00 00 00 00 08 a3 fd e0 1c 00 00 00 00 00 00 46 fd fd fd 5c 00 00 00 00 00 00
00 00 00 00 00 00 2f fd fd d6 00 00 00 00 00 00 00 46 fd fd db 2a 00 00 00 00 00 00
00 00 00 00 00 00 2f fd fd 45 00 00 00 00 00 00 2a e1 fd d6 22 00 00 00 00 00 00 00
00 00 00 00 00 00 0d 9d a6 11 00 00 00 00 00 24 da fd fd 89 00 00 00 00 00 00 00 00
00 00 00 00 00 00 00 00 00 00 00 00 00 00 00 b1 fd fd f5 43 00 00 00 00 00 00 00 00
00 00 00 00 00 00 00 00 00 00 00 00 00 00 76 f6 fd e8 48 00 00 00 00 00 00 00 00 00
00 00 00 00 00 00 00 00 00 00 00 00 00 0d e9 fd fd a9 00 00 00 00 00 00 00 00 00 00
00 00 00 00 00 00 00 00 00 00 00 00 10 be fd fd c1 10 00 00 00 00 00 00 00 00 00 00
00 00 00 00 00 00 00 00 00 00 00 00 a7 fd fd e8 10 00 00 00 00 00 00 00 00 00 00 00
00 00 00 00 00 00 00 00 00 00 09 44 e7 fd f8 7a 00 00 00 00 00 00 00 00 00 00 00 00
00 00 00 00 00 00 00 00 00 00 8b fd fd fd 6a 00 00 00 00 00 00 00 00 00 00 00 00 00
00 00 00 00 00 00 00 00 00 0a a6 fd fd dd 11 00 00 00 00 00 00 00 00 00 00 00 00 00
00 00 00 00 00 00 00 00 03 8b fd fd fc 77 00 00 00 00 00 00 00 00 00 00 00 00 00 00
00 00 00 00 00 00 00 00 5d fd fd fd 9c 00 00 00 00 00 00 00 00 00 00 00 00 00 00 00
00 00 00 00 00 00 00 00 5d fd fd eb 36 00 00 00 00 00 00 00 00 00 00 00 00 00 00 00
00 00 00 00 00 00 00 00 5d fd fd 4b 00 00 00 00 00 00 00 00 00 00 00 00 00 00 00 00
00 00 00 00 00 00 00 00 00 00 00 00 00 00 00 00 00 00 00 00 00 00 00 00 00 00 00 00
