00 00 00 00 00 00 00 00 00 00 00 00 00 00 00 00 00 00 00 00 00 00 00 00 00 00 00 00
00 00 00 00 00 00 00 00 00 00 00 00 00 00 00 00 00 00 00 00 00 00 00 00 00 00 00 00
00 00 00 00 00 00 00 00 00 00 00 00 00 00 00 00 00 00 00 00 00 00 00 00 00 00 00 00
00 00 00 00 00 00 00 00 00 00 00 00 00 00 00 00 00 00 00 00 00 00 00 00 00 00 00 00
00 00 00 00 00 00 00 00 00 00 00 00 00 00 00 00 00 00 00 00 00 00 00 00 00 00 00 00
00 00 00 00 00 00 00 00 00 00 00 00 00 00 00 00 00 00 00 00 00 00 00 00 00 00 00 00
00 00 00 00 00 00 00 00 00 00 00 00 00 00 00 00 00 00 00 00 00 00 00 00 00 00 00 00
00 00 00 00 00 00 00 00 05 36 2b b9 fe ff e3 96 03 4b 2f 00 00 00 00 00 00 00 00 00
00 00 00 00 00 00 00 08 a5 fd fd fd ed ee fd fd ce fd cc 00 00 00 00 00 00 00 00 00
00 00 00 00 00 00 00 9d fd dd 64 41 02 03 9c fd fd fd 87 00 00 00 00 00 00 00 00 00
00 00 00 00 00 00 00 cc fd 72 00 00 00 00 09 d5 fd fd 29 00 00 00 00 00 00 00 00 00
00 00 00 00 00 00 10 e4 fd 80 00 00 00 00 00 29 fd fd 29 00 00 00 00 00 00 00 00 00
00 00 00 00 00 00 06 c4 fd e1 1d 00 00 00 00 88 fd fd 29 00 00 00 00 00 00 00 00 00
00 00 00 00 00 00 00 69 fd fd ea 5f 02 00 34 f5 fd fd 29 00 00 00 00 00 00 00 00 00
00 00 00 00 00 00 00 04 6d f5 fd fd e6 e6 f6 fd fd d8 04 00 00 00 00 00 00 00 00 00
00 00 00 00 00 00 00 00 00 21 91 e0 fd fb 93 d5 fd d4 00 00 00 00 00 00 00 00 00 00
00 00 00 00 00 00 00 00 00 00 00 05 08 08 00 bc fd d4 00 00 00 00 00 00 00 00 00 00
00 00 00 00 00 00 00 00 00 00 00 00 00 00 00 bd fe d5 00 00 00 00 00 00 00 00 00 00
00 00 00 00 00 00 00 00 00 00 00 00 00 00 00 bc fd 99 00 00 00 00 00 00 00 00 00 00
00 00 00 00 00 00 00 00 00 00 00 00 00 00 00 bc fd 82 00 00 00 00 00 00 00 00 00 00
00 00 00 00 00 00 00 00 00 00 00 00 00 00 00 bc fd 82 00 00 00 00 00 00 00 00 00 00
00 00 00 00 00 00 00 00 00 00 00 00 00 00 00 bc fd 82 00 00 00 00 00 00 00 00 00 00
00 00 00 00 00 00 00 00 00 00 00 00 00 00 00 bc fd 82 00 00 00 00 00 00 00 00 00 00
00 00 00 00 00 00 00 00 00 00 00 00 00 00 00 bc fd 82 00 00 00 00 00 00 00 00 00 00
00 00 00 00 00 00 00 00 00 00 00 00 00 00 00 bc fd b2 00 00 00 00 00 00 00 00 00 00
00 00 00 00 00 00 00 00 00 00 00 00 00 00 00 bc fd d4 00 00 00 00 00 00 00 00 00 00
00 00 00 00 00 00 00 00 00 00 00 00 00 00 00 30 b5 50 00 00 00 00 00 00 00 00 00 00
00 00 00 00 00 00 00 00 00 00 00 00 00 00 00 00 00 00 00 00 00 00 00 00 00 00 00 00
