00 00 00 00 00 00 00 00 00 00 00 00 00 00 00 00 00 00 00 00 00 00 00 00 00 00 00 00
00 00 00 00 00 00 00 00 00 00 00 00 00 00 00 00 00 00 00 00 00 00 00 00 00 00 00 00
00 00 00 00 00 00 00 00 00 00 00 00 00 00 00 00 00 00 00 00 00 00 00 00 00 00 00 00
00 00 00 00 00 00 00 00 00 00 00 00 00 00 00 00 00 00 00 00 00 00 00 00 00 00 00 00
00 00 00 00 00 00 00 00 00 00 00 00 00 00 00 49 fd e3 49 15 00 00 00 00 00 00 00 00
00 00 00 00 00 00 00 00 00 00 00 00 00 00 00 49 fb fb fb ae 00 00 00 00 00 00 00 00
00 00 00 00 00 00 00 00 00 00 00 00 00 10 a6 e4 fb fb fb 7a 00 00 00 00 00 00 00 00
00 00 00 00 00 00 00 00 00 00 00 00 00 3e dc fd fb fb fb fb 4f 00 00 00 00 00 00 00
00 00 00 00 00 00 00 00 00 00 00 00 00 4f e7 fd fb fb fb fb e8 4d 00 00 00 00 00 00
00 00 00 00 00 00 00 00 00 00 00 91 fd fd fd ff fd fd fd fd ff 6c 00 00 00 00 00 00
00 00 00 00 00 00 00 00 00 00 00 90 fb fb fb fd a8 6b a9 fb fd bd 14 00 00 00 00 00
00 00 00 00 00 00 00 00 00 1b 59 ec fb eb d7 a4 0f 06 81 fb fd fb 23 00 00 00 00 00
00 00 00 00 00 00 00 00 2f d3 fd fb fb 8e 00 00 00 25 fb fb fd fb 23 00 00 00 00 00
00 00 00 00 00 00 00 00 6d fb fd fb fb 8e 00 00 00 0b 94 fb fd fb a4 00 00 00 00 00
00 00 00 00 00 00 00 0b 96 fd ff d3 19 00 00 00 00 0b 96 fd ff d3 19 00 00 00 00 00
00 00 00 00 00 00 00 8c fb fb fd 6b 00 00 00 00 00 25 fb fb d3 2e 00 00 00 00 00 00
00 00 00 00 00 00 00 be fb fb fd 80 05 00 00 00 00 25 fb fb 33 00 00 00 00 00 00 00
00 00 00 00 00 00 00 73 fb fb fd bc 14 00 00 20 6d 81 fb ad 67 00 00 00 00 00 00 00
00 00 00 00 00 00 00 d9 fb fb c9 1e 00 00 00 49 fb fb fb 47 00 00 00 00 00 00 00 00
00 00 00 00 00 00 00 a6 fd fd ff 95 49 96 fd ff fd fd 8f 00 00 00 00 00 00 00 00 00
00 00 00 00 00 00 00 8c fb fb fd fb fb fb fb fd fb e6 3d 00 00 00 00 00 00 00 00 00
00 00 00 00 00 00 00 be fb fb fd fb fb fb fb f2 d7 37 00 00 00 00 00 00 00 00 00 00
00 00 00 00 00 00 00 15 bd fb fd fb fb fb ad 67 00 00 00 00 00 00 00 00 00 00 00 00
00 00 00 00 00 00 00 00 1f c8 fd fb 60 47 14 00 00 00 00 00 00 00 00 00 00 00 00 00
00 00 00 00 00 00 00 00 00 00 00 00 00 00 00 00 00 00 00 00 00 00 00 00 00 00 00 00
00 00 00 00 00 00 00 00 00 00 00 00 00 00 00 00 00 00 00 00 00 00 00 00 00 00 00 00
00 00 00 00 00 00 00 00 00 00 00 00 00 00 00 00 00 00 00 00 00 00 00 00 00 00 00 00
00 00 00 00 00 00 00 00 00 00 00 00 00 00 00 00 00 00 00 00 00 00 00 00 00 00 00 00
