00 00 00 00 00 00 00 00 00 00 00 00 00 00 00 00 00 00 00 00 00 00 00 00 00 00 00 00
00 00 00 00 00 00 00 00 00 00 00 00 00 00 00 00 00 00 00 00 00 00 00 00 00 00 00 00
00 00 00 00 00 00 00 00 00 00 00 00 00 00 00 00 00 00 00 00 00 00 00 00 00 00 00 00
00 00 00 00 00 00 00 00 00 00 00 00 00 00 00 00 00 00 00 00 00 00 00 00 00 00 00 00
00 00 00 00 00 00 00 00 00 00 00 00 00 00 00 00 00 00 00 00 00 00 00 00 00 00 00 00
00 00 00 00 00 00 00 00 00 00 00 00 00 00 00 00 00 00 00 00 00 00 00 00 00 00 00 00
00 00 00 00 00 00 00 00 00 00 00 00 00 00 00 02 25 0e 00 00 00 00 00 00 00 00 00 00
00 00 00 00 00 00 00 00 00 0c 31 31 31 9e aa ae fd c9 59 0e 00 00 00 00 00 00 00 00
00 00 00 00 00 00 06 3d 54 c7 fd fd fd fd fd fe fd fd fd 48 00 00 00 00 00 00 00 00
00 00 00 00 00 89 c7 fd fd fd fd fd e1 b4 41 3c 3c b4 fd a4 00 00 00 00 00 00 00 00
00 00 00 00 00 fe fd fd ed a8 a8 a8 2f 00 00 00 3d eb fd c1 00 00 00 00 00 00 00 00
00 00 00 00 00 9d d4 fd 65 00 00 00 00 00 00 a1 ee fd eb 3e 00 00 00 00 00 00 00 00
00 00 00 00 00 00 0e 18 08 00 00 00 00 00 a2 ff fd fd 5f 00 00 00 00 00 00 00 00 00
00 00 00 00 00 00 00 00 00 00 00 00 00 a2 fd fe f2 39 04 00 00 00 00 00 00 00 00 00
00 00 00 00 00 00 00 00 00 00 00 00 68 ff ff ae 00 00 00 00 00 00 00 00 00 00 00 00
00 00 00 00 00 00 00 00 00 00 07 7c ee fd 73 00 00 00 00 00 00 00 00 00 00 00 00 00
00 00 00 00 00 00 00 00 00 09 9c fd ef 6b 05 00 00 00 00 09 25 25 8d 9d 9d 00 00 00
00 00 00 00 00 00 00 00 21 9b fd fd 97 31 03 00 05 31 81 be fd fd fd e8 93 00 00 00
00 00 00 00 00 00 00 1b e6 fd fd fd db fd b9 b7 bc fd fd fd fd cc 92 29 00 00 00 00
00 00 00 00 00 00 00 25 fd fd fd fd fd fd fd dc f6 b4 b4 97 3c 0c 00 00 00 00 00 00
00 00 00 00 00 00 00 07 80 8b 30 59 a8 a8 35 19 2b 00 00 00 00 00 00 00 00 00 00 00
00 00 00 00 00 00 00 00 00 00 00 00 00 00 00 00 00 00 00 00 00 00 00 00 00 00 00 00
00 00 00 00 00 00 00 00 00 00 00 00 00 00 00 00 00 00 00 00 00 00 00 00 00 00 00 00
00 00 00 00 00 00 00 00 00 00 00 00 00 00 00 00 00 00 00 00 00 00 00 00 00 00 00 00
00 00 00 00 00 00 00 00 00 00 00 00 00 00 00 00 00 00 00 00 00 00 00 00 00 00 00 00
00 00 00 00 00 00 00 00 00 00 00 00 00 00 00 00 00 00 00 00 00 00 00 00 00 00 00 00
00 00 00 00 00 00 00 00 00 00 00 00 00 00 00 00 00 00 00 00 00 00 00 00 00 00 00 00
00 00 00 00 00 00 00 00 00 00 00 00 00 00 00 00 00 00 00 00 00 00 00 00 00 00 00 00
