00 00 00 00 00 00 00 00 00 00 00 00 00 00 00 00 00 00 00 00 00 00 00 00 00 00 00 00
00 00 00 00 00 00 00 00 00 00 00 00 00 00 00 00 00 00 00 00 00 00 00 00 00 00 00 00
00 00 00 00 00 00 00 00 00 00 00 00 00 00 00 00 00 00 00 00 00 00 00 00 00 00 00 00
00 00 00 00 00 00 00 00 00 00 00 00 00 00 00 00 00 00 00 00 00 00 00 00 00 00 00 00
00 00 00 00 00 00 00 00 00 00 53 5c 5c c6 5c c6 5c 4d 00 00 00 00 00 00 00 00 00 00
00 00 00 00 00 00 00 00 04 6c f8 fe fe fe fe fe fe f3 b6 22 00 00 00 00 00 00 00 00
00 00 00 00 00 00 00 00 78 fe fe fe fe fe fe fe fe fe fe c5 00 00 00 00 00 00 00 00
00 00 00 00 00 00 00 00 c1 fe fe fe 3e 39 39 b3 ec fe fe c5 00 00 00 00 00 00 00 00
00 00 00 00 00 00 00 00 1a c7 8e 82 04 00 00 00 3c e7 fe c5 00 00 00 00 00 00 00 00
00 00 00 00 00 00 00 00 00 16 04 00 00 00 00 15 d7 f7 fe c5 00 00 00 00 00 00 00 00
00 00 00 00 00 00 00 00 00 00 00 00 00 00 00 75 fe fe fe c5 00 00 00 00 00 00 00 00
00 00 00 00 00 00 00 00 00 00 00 00 00 03 82 f9 fe fe fe c5 00 00 00 00 00 00 00 00
00 00 00 00 00 00 00 00 00 00 00 00 34 a0 fe fe fe fe fe e8 42 00 00 00 00 00 00 00
00 00 00 00 00 00 00 00 00 00 00 00 f4 fe fe fe fe fe fe fe fb 0f 00 00 00 00 00 00
00 00 00 00 00 00 00 00 00 00 00 00 f8 fe fe ee 52 6e fe fe fe 0f 00 00 00 00 00 00
00 00 00 00 00 00 00 00 00 00 00 00 97 df d8 8c 00 2a fe fe fe 0f 00 00 00 00 00 00
00 00 00 00 02 5f be be 1e 00 00 00 00 2d 28 00 00 2a fe fe fe 0f 00 00 00 00 00 00
00 00 00 00 5c fe fe c6 16 00 00 00 00 00 00 00 00 75 fe fe fe 0f 00 00 00 00 00 00
00 00 00 00 b6 fe f9 6e 00 00 00 00 00 00 00 05 2a d6 fe fe e6 0d 00 00 00 00 00 00
00 00 00 00 b6 fe ef 44 00 00 00 00 00 00 00 19 fe fe fe fe 6a 00 00 00 00 00 00 00
00 00 00 00 b6 fe fe ef 54 3a 3a 3a 70 df df e2 fe ff fe cc 0e 00 00 00 00 00 00 00
00 00 00 00 56 fe fe fe fe fe fe fe fe fe fe fe fe e6 6a 52 00 00 00 00 00 00 00 00
00 00 00 00 01 55 ee fe fe fe fe fe fe fe e1 b4 b4 2c 00 00 00 00 00 00 00 00 00 00
00 00 00 00 00 00 46 5a e5 fe d3 5a 5a 5a 37 00 00 00 00 00 00 00 00 00 00 00 00 00
00 00 00 00 00 00 00 00 00 00 00 00 00 00 00 00 00 00 00 00 00 00 00 00 00 00 00 00
00 00 00 00 00 00 00 00 00 00 00 00 00 00 00 00 00 00 00 00 00 00 00 00 00 00 00 00
00 00 00 00 00 00 00 00 00 00 00 00 00 00 00 00 00 00 00 00 00 00 00 00 00 00 00 00
00 00 00 00 00 00 00 00 00 00 00 00 00 00 00 00 00 00 00 00 00 00 00 00 00 00 00 00
