00 00 00 00 00 00 00 00 00 00 00 00 00 00 00 00 00 00 00 00 00 00 00 00 00 00 00 00
00 00 00 00 00 00 00 00 00 00 00 00 00 00 00 00 00 00 00 00 00 00 00 00 00 00 00 00
00 00 00 00 00 00 00 00 00 00 00 00 00 00 00 00 00 00 00 00 00 00 00 00 00 00 00 00
00 00 00 00 00 00 00 00 00 00 00 00 00 00 00 00 00 00 00 00 00 00 00 00 00 00 00 00
00 00 00 00 00 00 00 00 00 00 00 00 00 00 00 00 00 00 00 00 00 00 00 00 00 00 00 00
00 00 00 00 00 00 00 00 00 40 bf 80 00 00 00 00 00 00 80 bf 40 00 00 00 00 00 00 00
00 00 00 00 00 00 00 00 00 ff ff ff 00 00 00 00 00 00 ff ff 80 00 00 00 00 00 00 00
00 00 00 00 00 00 00 00 00 ff ff ff 00 00 00 00 00 80 ff ff 00 00 00 00 00 00 00 00
00 00 00 00 00 00 00 00 40 ff ff ff 00 00 00 00 00 40 ff ff 40 00 00 00 00 00 00 00
00 00 00 00 00 00 00 00 80 ff ff 40 00 00 00 00 00 00 ff ff 80 00 00 00 00 00 00 00
00 00 00 00 00 00 00 40 ff ff bf 00 00 00 00 00 00 80 ff ff 80 00 00 00 00 00 00 00
00 00 00 00 00 00 00 80 ff ff 80 00 00 00 00 00 00 80 ff ff ff 00 00 00 00 00 00 00
00 00 00 00 00 00 00 bf ff ff 80 00 00 00 00 00 00 bf ff ff bf 00 00 00 00 00 00 00
00 00 00 00 00 00 00 bf ff ff 80 00 00 00 00 40 bf ff ff ff 80 00 00 00 00 00 00 00
00 00 00 00 00 00 00 80 ff ff bf 00 80 80 bf ff ff ff ff ff 00 00 00 00 00 00 00 00
00 00 00 00 00 00 00 40 ff ff ff ff ff ff ff ff ff ff ff 80 00 00 00 00 00 00 00 00
00 00 00 00 00 00 00 00 80 ff ff ff ff ff ff ff ff ff ff 80 00 00 00 00 00 00 00 00
00 00 00 00 00 00 00 00 00 bf ff ff ff bf 80 00 bf ff ff 80 00 00 00 00 00 00 00 00
00 00 00 00 00 00 00 00 00 00 40 80 00 00 00 00 ff ff ff 00 00 00 00 00 00 00 00 00
00 00 00 00 00 00 00 00 00 00 00 00 00 00 00 00 ff ff ff 00 00 00 00 00 00 00 00 00
00 00 00 00 00 00 00 00 00 00 00 00 00 00 00 00 ff ff ff 00 00 00 00 00 00 00 00 00
00 00 00 00 00 00 00 00 00 00 00 00 00 00 00 00 ff ff bf 00 00 00 00 00 00 00 00 00
00 00 00 00 00 00 00 00 00 00 00 00 00 00 00 80 ff ff 80 00 00 00 00 00 00 00 00 00
00 00 00 00 00 00 00 00 00 00 00 00 00 00 00 80 ff ff 80 00 00 00 00 00 00 00 00 00
00 00 00 00 00 00 00 00 00 00 00 00 00 00 00 00 bf ff 00 00 00 00 00 00 00 00 00 00
00 00 00 00 00 00 00 00 00 00 00 00 00 00 00 00 00 00 00 00 00 00 00 00 00 00 00 00
00 00 00 00 00 00 00 00 00 00 00 00 00 00 00 00 00 00 00 00 00 00 00 00 00 00 00 00
00 00 00 00 00 00 00 00 00 00 00 00 00 00 00 00 00 00 00 00 00 00 00 00 00 00 00 00
