00 00 00 00 00 00 00 00 00 00 00 00 00 00 00 00 00 00 00 00 00 00 00 00 00 00 00 00
00 00 00 00 00 00 00 00 00 00 00 00 00 00 00 00 00 00 00 00 00 00 00 00 00 00 00 00
00 00 00 00 00 00 00 00 00 00 00 00 00 00 00 00 00 00 00 00 00 00 00 00 00 00 00 00
00 00 00 00 00 00 00 00 00 00 00 00 00 00 00 00 00 00 00 00 00 00 00 00 00 00 00 00
00 00 00 00 00 00 00 00 00 00 00 00 00 00 00 00 00 00 00 00 00 00 00 00 00 00 00 00
00 00 00 00 00 00 00 00 00 00 00 00 00 00 00 00 00 00 00 00 00 00 00 00 00 00 00 00
00 00 00 00 00 00 00 00 00 00 00 00 00 00 00 00 00 00 00 00 00 00 00 00 00 00 00 00
00 00 00 00 00 00 00 00 00 00 00 00 00 00 10 16 16 6e 80 7f 87 e8 bc 00 00 00 00 00
00 00 00 00 00 00 00 00 00 00 00 00 00 37 e8 fc fc fc fd fc fc fc fc 00 00 00 00 00
00 00 00 00 00 00 00 00 00 00 00 00 00 c0 fc fc fc fc fd ad 93 4d 2a 00 00 00 00 00
00 00 00 00 00 00 00 00 00 00 00 37 ec fe fd ce 6a 3e 00 00 00 00 00 00 00 00 00 00
00 00 00 00 00 00 00 00 00 00 34 e8 fc ef 59 05 00 00 00 00 00 00 00 00 00 00 00 00
00 00 00 00 00 00 00 00 00 00 e0 fc fc e8 7f 7f 39 04 00 00 00 00 00 00 00 00 00 00
00 00 00 00 00 00 00 00 00 00 bc fc fc fd fc fc fc b6 1b 00 00 00 00 00 00 00 00 00
00 00 00 00 00 00 00 00 00 00 87 93 93 93 93 c8 fc fc c2 00 00 00 00 00 00 00 00 00
00 00 00 57 71 04 00 00 00 00 00 00 00 00 00 00 47 c2 ff 5f 04 00 00 00 00 00 00 00
00 00 00 c0 d9 30 00 00 00 00 00 00 00 00 00 00 00 2d fd d9 0c 00 00 00 00 00 00 00
00 00 00 b7 fc e9 2a 00 00 00 00 00 00 00 00 00 06 c6 fd a6 02 00 00 00 00 00 00 00
00 00 00 0e 78 f7 c4 7e 00 00 00 00 00 00 00 00 86 fc e1 15 00 00 00 00 00 00 00 00
00 00 00 00 00 38 fc fc d4 83 09 00 00 00 00 62 cc fc b9 1b 00 00 00 00 00 00 00 00
00 00 00 00 00 00 8d e5 fe fd f5 94 94 94 b7 fd fd ae 00 00 00 00 00 00 00 00 00 00
00 00 00 00 00 00 00 1b 7d e7 fc fc fc fd fc d2 62 0b 00 00 00 00 00 00 00 00 00 00
00 00 00 00 00 00 00 00 00 10 1d 7e 7e 7f 7e 13 00 00 00 00 00 00 00 00 00 00 00 00
00 00 00 00 00 00 00 00 00 00 00 00 00 00 00 00 00 00 00 00 00 00 00 00 00 00 00 00
00 00 00 00 00 00 00 00 00 00 00 00 00 00 00 00 00 00 00 00 00 00 00 00 00 00 00 00
00 00 00 00 00 00 00 00 00 00 00 00 00 00 00 00 00 00 00 00 00 00 00 00 00 00 00 00
00 00 00 00 00 00 00 00 00 00 00 00 00 00 00 00 00 00 00 00 00 00 00 00 00 00 00 00
00 00 00 00 00 00 00 00 00 00 00 00 00 00 00 00 00 00 00 00 00 00 00 00 00 00 00 00
