00 00 00 00 00 00 00 00 00 00 00 00 00 00 00 00 00 00 00 00 00 00 00 00 00 00 00 00
00 00 00 00 00 00 00 00 00 00 00 00 00 00 00 00 00 00 00 00 00 00 00 00 00 00 00 00
00 00 00 00 00 00 00 00 00 00 00 00 00 00 00 00 ff 80 00 00 00 00 00 00 00 00 00 00
00 00 00 00 00 00 00 00 00 00 00 00 00 00 00 40 ff 80 00 00 00 00 00 00 00 00 00 00
00 00 00 00 00 00 00 00 00 00 00 00 00 00 40 ff ff 80 00 00 00 00 00 00 00 00 00 00
00 00 00 00 00 00 00 00 00 00 00 00 00 00 80 ff ff 00 00 00 00 00 00 00 00 00 00 00
00 00 00 00 00 00 00 00 00 00 00 00 00 40 bf ff 40 00 00 00 00 00 00 00 00 00 00 00
00 00 00 00 00 00 00 00 00 00 00 00 00 ff ff bf 00 00 00 00 00 00 00 00 00 00 00 00
00 00 00 00 00 00 00 00 00 00 00 00 bf ff bf 00 00 00 00 00 00 00 00 00 00 00 00 00
00 00 00 00 00 00 00 00 00 00 00 80 ff ff 40 00 00 00 00 00 00 00 00 00 00 00 00 00
00 00 00 00 00 00 00 00 00 00 40 ff ff 40 00 00 00 40 80 80 40 00 00 00 00 00 00 00
00 00 00 00 00 00 00 00 00 00 bf ff bf 00 00 00 80 ff ff ff ff ff 00 00 00 00 00 00
00 00 00 00 00 00 00 00 00 00 ff ff 40 00 00 80 ff ff ff 80 ff ff 80 00 00 00 00 00
00 00 00 00 00 00 00 00 00 80 ff 80 00 00 80 ff ff bf 00 00 80 ff 80 00 00 00 00 00
00 00 00 00 00 00 00 00 40 ff ff 40 00 00 bf ff bf 00 00 00 40 ff 80 00 00 00 00 00
00 00 00 00 00 00 00 00 80 ff bf 00 00 40 ff ff 00 00 00 00 40 ff 40 00 00 00 00 00
00 00 00 00 00 00 00 00 ff ff 40 00 00 80 ff bf 00 00 00 00 bf ff 00 00 00 00 00 00
00 00 00 00 00 00 00 80 ff ff 00 00 00 80 ff 40 00 00 40 ff ff 80 00 00 00 00 00 00
00 00 00 00 00 00 00 80 ff ff 00 00 00 00 ff ff 80 bf ff ff 80 00 00 00 00 00 00 00
00 00 00 00 00 00 00 40 ff ff 80 80 80 80 ff ff ff ff ff 40 00 00 00 00 00 00 00 00
00 00 00 00 00 00 00 00 ff ff ff ff ff ff ff bf 80 40 00 00 00 00 00 00 00 00 00 00
00 00 00 00 00 00 00 00 40 ff ff ff ff ff bf 00 00 00 00 00 00 00 00 00 00 00 00 00
00 00 00 00 00 00 00 00 00 00 00 00 00 00 00 00 00 00 00 00 00 00 00 00 00 00 00 00
00 00 00 00 00 00 00 00 00 00 00 00 00 00 00 00 00 00 00 00 00 00 00 00 00 00 00 00
00 00 00 00 00 00 00 00 00 00 00 00 00 00 00 00 00 00 00 00 00 00 00 00 00 00 00 00
00 00 00 00 00 00 00 00 00 00 00 00 00 00 00 00 00 00 00 00 00 00 00 00 00 00 00 00
00 00 00 00 00 00 00 00 00 00 00 00 00 00 00 00 00 00 00 00 00 00 00 00 00 00 00 00
00 00 00 00 00 00 00 00 00 00 00 00 00 00 00 00 00 00 00 00 00 00 00 00 00 00 00 00
