00 00 00 00 00 00 00 00 00 00 00 00 00 00 00 00 00 00 00 00 00 00 00 00 00 00 00 00
00 00 00 00 00 00 00 00 00 00 00 00 00 00 00 00 00 00 00 00 00 00 00 00 00 00 00 00
00 00 00 00 00 00 00 00 00 00 00 00 00 00 00 00 00 00 00 00 00 00 00 00 00 00 00 00
00 00 00 00 00 00 00 00 00 00 00 00 00 00 00 00 00 00 00 00 00 00 00 00 00 00 00 00
00 00 00 00 00 00 00 00 00 00 00 00 00 00 00 00 00 00 00 00 00 00 00 00 00 00 00 00
00 00 00 00 00 00 00 00 00 00 00 00 00 00 00 00 00 00 00 00 00 00 00 00 00 00 00 00
00 00 00 00 00 00 00 00 00 00 00 00 00 40 bf ff ff 00 00 00 00 00 00 00 00 00 00 00
00 00 00 00 00 00 00 00 00 00 00 00 80 ff ff ff ff 00 00 00 00 00 00 00 00 00 00 00
00 00 00 00 00 00 00 00 00 00 00 00 ff ff ff ff ff 00 00 00 00 00 00 00 00 00 00 00
00 00 00 00 00 00 00 00 00 00 00 bf ff ff ff ff ff bf 00 00 00 00 00 00 00 00 00 00
00 00 00 00 00 00 00 00 00 00 40 ff ff ff 00 ff ff ff 00 00 00 00 00 00 00 00 00 00
00 00 00 00 00 00 00 00 00 40 bf bf ff bf 00 bf ff ff 00 00 00 00 00 00 00 00 00 00
00 00 00 00 00 00 00 00 00 80 ff ff bf 40 00 40 ff ff 40 00 00 00 00 00 00 00 00 00
00 00 00 00 00 00 00 00 40 ff ff 40 00 00 00 00 bf ff 80 40 40 00 00 00 00 00 00 00
00 00 00 00 00 00 00 00 ff ff ff 40 00 00 00 00 80 ff ff bf 00 00 00 00 00 00 00 00
00 00 00 00 00 00 00 bf ff ff 80 00 00 00 00 00 40 ff ff bf 00 00 00 00 00 00 00 00
00 00 00 00 00 00 80 ff ff ff 80 00 00 00 00 00 00 ff ff ff 00 00 00 00 00 00 00 00
00 00 00 00 00 00 40 40 80 bf 00 00 00 00 00 00 00 ff ff ff bf 00 00 00 00 00 00 00
00 00 00 00 00 00 00 00 00 00 00 00 00 00 00 00 40 ff ff ff 40 00 00 00 00 00 00 00
00 00 00 00 00 00 00 00 00 00 00 00 00 00 00 40 bf bf ff 40 00 00 00 00 00 00 00 00
00 00 00 00 00 00 00 00 00 00 00 00 00 00 00 bf ff 00 ff 00 00 00 00 00 00 00 00 00
00 00 00 00 00 00 00 00 00 00 00 00 00 00 40 ff ff bf 40 00 00 00 00 00 00 00 00 00
00 00 00 00 00 00 00 00 00 00 00 00 00 00 40 ff ff 00 00 00 00 00 00 00 00 00 00 00
00 00 00 00 00 00 00 00 00 00 00 00 00 80 bf ff bf 00 00 00 00 00 00 00 00 00 00 00
00 00 00 00 00 00 00 00 00 00 00 00 00 80 ff bf 00 00 00 00 00 00 00 00 00 00 00 00
00 00 00 00 00 00 00 00 00 00 00 00 00 40 ff 00 00 00 00 00 00 00 00 00 00 00 00 00
00 00 00 00 00 00 00 00 00 00 00 00 00 00 00 00 00 00 00 00 00 00 00 00 00 00 00 00
00 00 00 00 00 00 00 00 00 00 00 00 00 00 00 00 00 00 00 00 00 00 00 00 00 00 00 00
