00 00 00 00 00 00 00 00 00 00 00 00 00 00 00 00 00 00 00 00 00 00 00 00 00 00 00 00
00 00 00 00 00 00 00 00 00 00 00 00 00 00 00 00 00 00 00 00 00 00 00 00 00 00 00 00
00 00 00 00 00 00 00 00 00 00 00 00 00 00 00 00 00 00 00 00 00 00 00 00 00 00 00 00
00 00 00 00 00 00 00 00 00 00 00 00 00 00 00 00 00 00 00 00 00 00 00 00 00 00 00 00
00 00 00 00 00 00 00 00 00 00 00 00 00 00 00 00 00 00 00 00 00 00 00 00 00 00 00 00
00 00 00 00 00 00 00 00 00 00 00 00 00 20 d4 fd ff d3 5e 00 00 00 00 00 00 00 00 00
00 00 00 00 00 00 00 00 00 00 35 49 49 7d fc fc fd fc f7 d9 2a 00 00 00 00 00 00 00
00 00 00 00 00 00 00 00 00 00 b5 fc fd fc fc fc fd fc fc fc de 2e 00 00 00 00 00 00
00 00 00 00 00 00 00 00 00 00 b5 fc fd d2 80 a8 6c e8 fc fc fd b3 00 00 00 00 00 00
00 00 00 00 00 00 00 00 00 00 b5 fc fd b3 00 00 00 00 25 fc fd b3 00 00 00 00 00 00
00 00 00 00 00 00 00 00 00 00 8b fc fd c8 15 00 00 00 25 fc fd b3 00 00 00 00 00 00
00 00 00 00 00 00 00 00 00 00 20 ec fd fc 5c 00 00 0b 44 fc fd b3 00 00 00 00 00 00
00 00 00 00 00 00 00 00 00 00 00 3e fd fc ec 3e 3f af fc fc bf 4d 00 00 00 00 00 00
00 00 00 00 00 00 00 00 00 00 00 00 c0 fd fd fd ff fd ed 90 54 00 00 00 00 00 00 00
00 00 00 00 00 00 00 00 00 00 00 00 6d fc fc fc fd bd 99 00 00 00 00 00 00 00 00 00
00 00 00 00 00 00 00 00 00 00 1b 78 d4 fc fc fc bf 0f 00 00 00 00 00 00 00 00 00 00
00 00 00 00 00 00 00 00 00 7d dd fc fd fc fc fc fd 23 00 00 00 00 00 00 00 00 00 00
00 00 00 00 00 00 00 00 6e fd fd fd 91 49 fd fd ff 23 00 00 00 00 00 00 00 00 00 00
00 00 00 00 00 00 00 2a e8 fc c8 b3 14 1f d3 fc fd 23 00 00 00 00 00 00 00 00 00 00
00 00 00 00 00 00 1b dd fc f1 3d 00 00 49 fc fc fd 23 00 00 00 00 00 00 00 00 00 00
00 00 00 00 00 00 78 fc fc 61 00 00 00 49 fc fc fd 23 00 00 00 00 00 00 00 00 00 00
00 00 00 00 00 00 b6 fd fd 23 00 00 00 49 fd fd d0 14 00 00 00 00 00 00 00 00 00 00
00 00 00 00 00 00 b5 fc fc de 86 d9 87 e3 fc fc 68 00 00 00 00 00 00 00 00 00 00 00
00 00 00 00 00 00 48 ec fc fc fc fc fd fc fc 94 00 00 00 00 00 00 00 00 00 00 00 00
00 00 00 00 00 00 00 3e a9 fc fc fc fd d2 6c 2e 00 00 00 00 00 00 00 00 00 00 00 00
00 00 00 00 00 00 00 00 00 00 00 00 00 00 00 00 00 00 00 00 00 00 00 00 00 00 00 00
00 00 00 00 00 00 00 00 00 00 00 00 00 00 00 00 00 00 00 00 00 00 00 00 00 00 00 00
00 00 00 00 00 00 00 00 00 00 00 00 00 00 00 00 00 00 00 00 00 00 00 00 00 00 00 00
