00 00 00 00 00 00 00 00 00 00 00 00 00 00 00 00 00 00 00 00 00 00 00 00 00 00 00 00
00 00 00 00 00 00 00 00 00 00 00 00 00 00 00 00 00 00 00 00 00 00 00 00 00 00 00 00
00 00 00 00 00 00 00 00 00 00 00 00 00 00 00 00 00 00 00 00 00 00 00 00 00 00 00 00
00 00 00 00 00 00 00 00 00 00 00 00 00 00 00 00 00 00 00 00 00 00 00 00 00 00 00 00
00 00 00 00 00 00 00 00 00 00 00 00 00 00 00 00 00 00 00 00 00 00 00 00 00 00 00 00
00 00 00 00 00 00 00 00 00 00 00 00 00 00 00 00 00 00 00 00 00 00 00 00 00 00 00 00
00 00 00 00 00 00 00 00 00 00 00 00 14 88 88 db fe ff 57 00 00 04 05 00 00 00 00 00
00 00 00 00 00 00 00 00 00 00 00 52 f9 fd e7 87 64 d4 d1 03 00 30 7e 00 00 00 00 00
00 00 00 00 00 00 00 00 00 00 8c f4 fc 85 1f 00 00 1f bd 04 00 10 17 00 00 00 00 00
00 00 00 00 00 00 00 00 00 36 f2 fd 7e 00 00 00 00 00 76 25 00 00 00 00 00 00 00 00
00 00 00 00 00 00 00 00 00 a8 fd a6 02 00 00 00 00 78 f9 b2 00 00 00 00 00 00 00 00
00 00 00 00 00 00 00 00 00 bd fd 93 00 00 00 00 00 d5 fd 4a 00 00 00 00 00 00 00 00
00 00 00 00 00 00 00 00 00 bd fd 95 01 00 00 02 85 fc 91 01 00 00 00 00 00 00 00 00
00 00 00 00 00 00 00 00 00 b2 fd fd 90 18 2c a8 fd fd 4b 00 00 00 00 00 00 00 00 00
00 00 00 00 00 00 00 00 00 1b 87 e5 fd fd f7 f1 fd c1 09 00 00 00 00 00 00 00 00 00
00 00 00 00 00 00 00 00 00 00 00 20 4c 4c 4a c3 fd 9e 00 00 00 00 00 00 00 00 00 00
00 00 00 00 00 00 00 00 00 00 00 00 00 00 4e fd fd 44 00 00 00 00 00 00 00 00 00 00
00 00 00 00 00 00 00 00 00 00 00 00 00 00 a0 fd e0 1a 00 00 00 00 00 00 00 00 00 00
00 00 00 00 00 00 00 00 00 00 00 00 00 16 f5 fd 7d 00 00 00 00 00 00 00 00 00 00 00
00 00 00 00 00 00 00 00 00 00 00 00 04 c5 fd df 1d 00 00 00 00 00 00 00 00 00 00 00
00 00 00 00 00 00 00 00 00 00 00 00 06 fd fd b4 00 00 00 00 00 00 00 00 00 00 00 00
00 00 00 00 00 00 00 00 00 00 00 00 54 fd f6 3e 00 00 00 00 00 00 00 00 00 00 00 00
00 00 00 00 00 00 00 00 00 00 00 00 9b fd 7f 00 00 00 00 00 00 00 00 00 00 00 00 00
00 00 00 00 00 00 00 00 00 00 00 00 f3 fd 5e 00 00 00 00 00 00 00 00 00 00 00 00 00
00 00 00 00 00 00 00 00 00 00 00 5d fc fd 5e 00 00 00 00 00 00 00 00 00 00 00 00 00
00 00 00 00 00 00 00 00 00 00 00 07 bc fd 5e 00 00 00 00 00 00 00 00 00 00 00 00 00
00 00 00 00 00 00 00 00 00 00 00 00 00 00 00 00 00 00 00 00 00 00 00 00 00 00 00 00
00 00 00 00 00 00 00 00 00 00 00 00 00 00 00 00 00 00 00 00 00 00 00 00 00 00 00 00
