00 00 00 00 00 00 00 00 00 00 00 00 00 00 00 00 00 00 00 00 00 00 00 00 00 00 00 00
00 00 00 00 00 00 00 00 00 00 00 00 00 00 00 00 00 00 00 00 00 00 00 00 00 00 00 00
00 00 00 00 00 00 00 00 00 00 00 00 00 00 00 00 00 00 00 00 00 00 00 00 00 00 00 00
00 00 00 00 00 00 00 00 00 00 00 00 00 00 00 00 00 00 00 00 00 00 00 00 00 00 00 00
00 00 00 00 00 00 00 00 00 00 00 00 00 00 00 00 00 00 00 00 00 00 00 00 00 00 00 00
00 00 00 00 00 00 00 00 00 00 00 38 69 dc fe 3f 00 00 00 00 00 00 00 00 00 00 00 00
00 00 00 00 00 00 00 00 00 12 a6 e9 fd fd fd ec d1 d1 d1 4d 12 00 00 00 00 00 00 00
00 00 00 00 00 00 00 00 00 54 fd fd fd fd fd fe fd fd fd fd ac 08 00 00 00 00 00 00
00 00 00 00 00 00 00 00 39 ee fd fd fd fd fd fe fd fd fd fd fd 77 00 00 00 00 00 00
00 00 00 00 00 00 00 0e ee fd fd fd fd fd fd b3 c4 fd fd fd fd ee 0c 00 00 00 00 00
00 00 00 00 00 00 00 21 fd fd fd fd fd f8 86 00 12 53 ed fd fd fd 0e 00 00 00 00 00
00 00 00 00 00 00 00 a4 fd fd fd fd fd 80 00 00 00 00 39 77 d6 fd 5e 00 00 00 00 00
00 00 00 00 00 00 39 f8 fd fd fd 7e 0e 04 00 00 00 00 00 00 b3 fd f8 38 00 00 00 00
00 00 00 00 00 00 af fd fd f0 be 1c 00 00 00 00 00 00 00 00 b3 fd fd ad 00 00 00 00
00 00 00 00 00 00 d1 fd fd b2 00 00 00 00 00 00 00 00 00 00 5c fd fd d0 00 00 00 00
00 00 00 00 00 00 d3 fe fe b3 00 00 00 00 00 00 00 00 00 00 00 87 ff d1 00 00 00 00
00 00 00 00 00 00 d1 fd fd 5a 00 00 00 00 00 00 00 00 00 00 00 86 fd d0 00 00 00 00
00 00 00 00 00 00 d1 fd fd b2 00 00 00 00 00 00 00 00 00 00 02 8e fd d0 00 00 00 00
00 00 00 00 00 00 d1 fd fd d6 23 00 00 00 00 00 00 00 00 00 1e fd fd d0 00 00 00 00
00 00 00 00 00 00 a5 fd fd fd d7 24 00 00 00 00 00 00 00 00 a3 fd fd a4 00 00 00 00
00 00 00 00 00 00 12 ac fd fd fd d6 7f 07 00 00 00 00 00 48 e8 fd ab 11 00 00 00 00
00 00 00 00 00 00 00 08 b6 fd fd fd fd a2 38 00 00 00 40 f0 fd fd 0e 00 00 00 00 00
00 00 00 00 00 00 00 00 07 ad fd fd fd fd f5 f1 ef ef f6 fd e1 0e 01 00 00 00 00 00
00 00 00 00 00 00 00 00 00 12 3b 8a e0 fd fd fe fd fd fd f0 60 00 00 00 00 00 00 00
00 00 00 00 00 00 00 00 00 00 00 00 25 68 c0 ff fd fd b6 49 00 00 00 00 00 00 00 00
00 00 00 00 00 00 00 00 00 00 00 00 00 00 00 00 00 00 00 00 00 00 00 00 00 00 00 00
00 00 00 00 00 00 00 00 00 00 00 00 00 00 00 00 00 00 00 00 00 00 00 00 00 00 00 00
00 00 00 00 00 00 00 00 00 00 00 00 00 00 00 00 00 00 00 00 00 00 00 00 00 00 00 00
