00 00 00 00 00 00 00 00 00 00 00 00 00 00 00 00 00 00 00 00 00 00 00 00 00 00 00 00
00 00 00 00 00 00 00 00 00 00 00 00 00 00 00 00 00 00 00 00 00 00 00 00 00 00 00 00
00 00 00 00 00 00 00 00 00 00 00 27 e4 fe e0 23 00 00 00 00 00 00 00 00 00 00 00 00
00 00 00 00 00 00 00 00 00 00 00 ce fd fd fd de 61 00 00 00 00 00 00 00 00 00 00 00
00 00 00 00 00 00 00 00 00 00 00 33 6a 2e 8e de fb 89 00 00 00 00 00 00 00 00 00 00
00 00 00 00 00 00 00 00 00 00 00 00 00 00 00 29 dd fa 54 00 00 00 00 00 00 00 00 00
00 00 00 00 00 00 00 00 00 00 00 00 00 00 00 00 3b fd 8c 00 00 00 00 00 00 00 00 00
00 00 00 00 00 00 00 00 00 00 00 00 00 00 00 00 2e fd dc 00 00 00 00 00 00 00 00 00
00 00 00 00 00 00 00 00 00 00 00 00 00 00 00 00 2e fd e7 21 00 00 00 00 00 00 00 00
00 00 00 00 00 00 00 00 00 00 00 00 00 00 00 00 2e fd fd 61 00 00 00 00 00 00 00 00
00 00 00 00 00 00 00 00 00 00 00 00 00 00 00 00 96 fd f4 46 00 00 00 00 00 00 00 00
00 00 00 00 00 00 00 00 00 00 00 00 00 00 00 0e c4 fd bb 00 00 00 00 00 00 00 00 00
00 00 00 00 00 00 00 00 00 00 00 00 00 00 00 96 fd fd 5b 00 00 00 00 00 00 00 00 00
00 00 00 00 00 00 00 00 00 00 00 00 00 0e 53 ea fd e1 1a 00 00 00 00 00 00 00 00 00
00 00 00 00 00 00 00 00 00 00 00 00 00 59 fd fd f5 6d 00 00 00 00 00 00 00 00 00 00
00 00 00 00 00 00 00 00 00 00 00 00 45 ea fd fd bb 00 00 00 00 00 00 00 00 00 00 00
00 00 00 00 00 00 00 00 00 00 0b 4a eb fd fd cb 1c 00 00 00 00 00 00 00 00 00 00 00
00 00 00 00 00 00 00 00 00 17 a9 fd fd f6 e3 40 00 00 00 00 0e 00 00 00 00 00 00 00
00 00 00 00 00 00 09 8c 96 f0 fd fd fd c1 14 06 00 00 0d 22 cb 42 00 00 00 00 00 00
00 00 00 00 00 00 b9 fd fd fd fd fd fd fd fd ae 8f 8f d6 fd fd 6e 00 00 00 00 00 00
00 00 00 00 00 00 f1 fd fd fb f7 f7 f7 f8 fd fd fd fd fd fd ef 33 00 00 00 00 00 00
00 00 00 00 00 00 76 f4 87 4f 00 00 00 20 99 fd fd fd fd ac 33 00 00 00 00 00 00 00
00 00 00 00 00 00 00 00 00 00 00 00 00 00 00 00 00 00 00 00 00 00 00 00 00 00 00 00
00 00 00 00 00 00 00 00 00 00 00 00 00 00 00 00 00 00 00 00 00 00 00 00 00 00 00 00
00 00 00 00 00 00 00 00 00 00 00 00 00 00 00 00 00 00 00 00 00 00 00 00 00 00 00 00
00 00 00 00 00 00 00 00 00 00 00 00 00 00 00 00 00 00 00 00 00 00 00 00 00 00 00 00
00 00 00 00 00 00 00 00 00 00 00 00 00 00 00 00 00 00 00 00 00 00 00 00 00 00 00 00
00 00 00 00 00 00 00 00 00 00 00 00 00 00 00 00 00 00 00 00 00 00 00 00 00 00 00 00
