00 00 00 00 00 00 00 00 00 00 00 00 00 00 00 00 00 00 00 00 00 00 00 00 00 00 00 00
00 00 00 00 00 00 00 00 00 00 00 00 00 00 00 00 00 00 00 00 00 00 00 00 00 00 00 00
00 00 00 00 00 00 00 00 00 00 00 00 00 00 00 00 00 00 00 00 00 00 00 00 00 00 00 00
00 00 00 00 00 00 00 00 00 00 00 00 00 00 00 00 00 00 00 00 00 00 00 00 00 00 00 00
00 00 00 00 00 00 00 00 00 00 00 00 00 00 00 00 00 00 00 94 a8 00 00 00 00 00 00 00
00 00 00 00 00 00 00 00 00 00 00 00 00 00 00 00 00 00 00 b7 cb 09 00 00 00 00 00 00
00 00 00 00 00 00 00 00 00 00 00 00 00 00 00 00 00 00 00 d1 a8 00 00 00 00 00 00 00
00 00 00 00 00 00 00 00 00 00 00 00 00 00 00 00 00 00 47 fd a8 00 00 00 00 00 00 00
00 00 00 00 00 00 00 00 00 00 00 00 00 00 00 00 00 00 96 fd cb 09 00 00 00 00 00 00
00 00 00 00 00 00 00 00 00 00 00 00 00 00 00 00 00 00 a8 ff 6b 00 00 00 00 00 00 00
00 00 00 00 00 00 00 00 00 00 40 4e 00 00 00 00 00 54 f2 de 10 00 00 00 00 00 00 00
00 00 00 00 00 00 00 00 00 00 be f2 2a 00 00 00 0b d3 fc 73 00 00 00 00 00 00 00 00
00 00 00 00 00 00 00 00 00 1d e8 fc 54 00 00 00 30 fc fc 50 00 00 00 00 00 00 00 00
00 00 00 00 00 00 00 00 00 82 fc eb 0e 00 00 00 7f fc fc 00 00 00 00 00 00 00 00 00
00 00 00 00 00 00 00 00 3e ff fd aa 00 00 00 00 bd fd a5 00 00 00 00 00 00 00 00 00
00 00 00 00 00 00 00 16 c7 fd fc 7d 55 32 00 40 f7 fc 5e 00 00 00 00 00 00 00 00 00
00 00 00 00 00 00 0b 9e fc fd fc fc fc f4 e9 ef fc fc 56 00 00 00 00 00 00 00 00 00
00 00 00 00 00 00 10 e7 e2 80 54 54 54 ac fd fc fc b7 0e 00 00 00 00 00 00 00 00 00
00 00 00 00 00 00 00 1c 18 00 00 00 00 00 a5 fc eb 0e 00 00 00 00 00 00 00 00 00 00
00 00 00 00 00 00 00 00 00 00 00 00 00 00 a6 fd 6d 00 00 00 00 00 00 00 00 00 00 00
00 00 00 00 00 00 00 00 00 00 00 00 00 00 fd fc 15 00 00 00 00 00 00 00 00 00 00 00
00 00 00 00 00 00 00 00 00 00 00 00 00 3e fd d2 0b 00 00 00 00 00 00 00 00 00 00 00
00 00 00 00 00 00 00 00 00 00 00 00 00 b9 fd a8 00 00 00 00 00 00 00 00 00 00 00 00
00 00 00 00 00 00 00 00 00 00 00 00 00 c2 ec 36 00 00 00 00 00 00 00 00 00 00 00 00
00 00 00 00 00 00 00 00 00 00 00 00 00 00 00 00 00 00 00 00 00 00 00 00 00 00 00 00
00 00 00 00 00 00 00 00 00 00 00 00 00 00 00 00 00 00 00 00 00 00 00 00 00 00 00 00
00 00 00 00 00 00 00 00 00 00 00 00 00 00 00 00 00 00 00 00 00 00 00 00 00 00 00 00
00 00 00 00 00 00 00 00 00 00 00 00 00 00 00 00 00 00 00 00 00 00 00 00 00 00 00 00
