00 00 00 00 00 00 00 00 00 00 00 00 00 00 00 00 00 00 00 00 00 00 00 00 00 00 00 00
00 00 00 00 00 00 00 00 00 00 00 00 00 00 00 00 00 00 00 00 00 00 00 00 00 00 00 00
00 00 00 00 00 00 00 00 00 00 00 00 00 00 00 00 00 00 00 00 00 00 00 00 00 00 00 00
00 00 00 00 00 00 00 00 00 00 00 00 00 00 00 00 00 00 00 00 00 00 00 00 00 00 00 00
00 00 00 00 00 00 00 00 00 00 00 00 00 00 00 00 00 00 00 00 00 00 00 00 00 00 00 00
00 00 00 00 00 00 00 00 00 00 00 00 00 00 00 00 00 00 00 00 00 00 00 00 00 00 00 00
00 00 00 00 00 00 00 00 00 00 00 00 00 00 00 00 00 00 00 00 00 00 00 00 00 00 00 00
00 00 00 00 00 00 00 00 00 00 00 00 00 00 0a 28 89 c4 c4 89 88 88 ae 88 00 00 00 00
00 00 00 00 00 00 00 00 00 00 00 00 00 00 86 fd fd fd fd fe fd fd fd fd 00 00 00 00
00 00 00 00 00 00 00 00 00 00 00 00 00 2e ff fe d5 b4 62 4c 4c 00 5b 17 00 00 00 00
00 00 00 00 00 00 00 00 00 00 00 07 32 f4 fe 91 0c 00 00 00 00 00 00 00 00 00 00 00
00 00 00 00 00 00 00 00 00 00 00 30 f5 fd fe 88 00 00 00 00 00 00 00 00 00 00 00 00
00 00 00 00 00 00 00 00 00 00 13 f0 fd fd fe fb a6 1a 00 00 00 00 00 00 00 00 00 00
00 00 00 00 00 00 00 00 00 00 32 df fd b1 9b ee fd a9 17 00 00 00 00 00 00 00 00 00
00 00 00 00 00 17 00 00 00 00 00 00 00 00 00 53 b7 ee 60 00 00 00 00 00 00 00 00 00
00 00 00 00 23 a0 44 00 00 00 00 00 00 00 00 00 30 f5 c1 00 00 00 00 00 00 00 00 00
00 00 00 00 ba ad 00 00 00 00 00 00 00 00 00 00 4f f5 a2 00 00 00 00 00 00 00 00 00
00 00 00 00 d8 a1 39 00 00 00 00 00 00 00 00 31 f7 f7 31 00 00 00 00 00 00 00 00 00
00 00 00 00 d8 fd eb b4 62 00 00 00 00 26 79 f4 fd bf 17 00 00 00 00 00 00 00 00 00
00 00 00 00 17 6a ec fe fe ff fe fe fe fe ff e2 87 00 00 00 00 00 00 00 00 00 00 00
00 00 00 00 00 00 1b 5b 87 9e e9 e9 e9 e9 97 15 00 00 00 00 00 00 00 00 00 00 00 00
00 00 00 00 00 00 00 00 00 00 00 00 00 00 00 00 00 00 00 00 00 00 00 00 00 00 00 00
00 00 00 00 00 00 00 00 00 00 00 00 00 00 00 00 00 00 00 00 00 00 00 00 00 00 00 00
00 00 00 00 00 00 00 00 00 00 00 00 00 00 00 00 00 00 00 00 00 00 00 00 00 00 00 00
00 00 00 00 00 00 00 00 00 00 00 00 00 00 00 00 00 00 00 00 00 00 00 00 00 00 00 00
00 00 00 00 00 00 00 00 00 00 00 00 00 00 00 00 00 00 00 00 00 00 00 00 00 00 00 00
00 00 00 00 00 00 00 00 00 00 00 00 00 00 00 00 00 00 00 00 00 00 00 00 00 00 00 00
00 00 00 00 00 00 00 00 00 00 00 00 00 00 00 00 00 00 00 00 00 00 00 00 00 00 00 00
