00 00 00 00 00 00 00 00 00 00 00 00 00 00 00 00 00 00 00 00 00 00 00 00 00 00 00 00
00 00 00 00 00 00 00 00 00 00 00 00 00 00 00 00 00 00 00 00 00 00 00 00 00 00 00 00
00 00 00 00 00 00 00 00 00 00 00 00 00 00 00 00 00 00 00 00 00 00 00 00 00 00 00 00
00 00 00 00 00 00 00 00 00 00 00 00 00 00 00 32 ec ff 7c 00 00 00 00 00 00 00 00 00
00 00 00 00 00 00 00 00 00 00 00 00 00 00 35 e7 fd fd 6b 00 00 00 00 00 00 00 00 00
00 00 00 00 00 00 00 00 00 00 00 00 00 09 c1 fd fd e6 04 00 00 00 00 00 00 00 00 00
00 00 00 00 00 00 00 00 00 00 00 00 07 9c fd fd 95 24 00 00 00 00 00 00 00 00 00 00
00 00 00 00 00 00 00 00 00 00 00 00 18 fd fd be 08 00 00 00 00 00 00 00 00 00 00 00
00 00 00 00 00 00 00 00 00 00 00 03 af fd fd 48 00 00 00 00 00 00 00 00 00 00 00 00
00 00 00 00 00 00 00 00 00 00 00 7b fd fd 8a 03 00 00 00 00 00 00 00 00 00 00 00 00
00 00 00 00 00 00 00 00 00 00 0a f4 fd e6 22 00 09 18 17 00 00 00 00 00 00 00 00 00
00 00 00 00 00 00 00 00 00 00 b5 fd f9 7b 00 45 c3 fd f9 92 0f 00 00 00 00 00 00 00
00 00 00 00 00 00 00 00 00 15 e7 fd ca 00 46 ec fd fd fd fd aa 00 00 00 00 00 00 00
00 00 00 00 00 00 00 00 16 8b fd d5 1a 0d c8 fd fd b7 fc fd dc 16 00 00 00 00 00 00
00 00 00 00 00 00 00 00 48 fd fd 81 00 56 fd fd 81 04 69 fd fd 46 00 00 00 00 00 00
00 00 00 00 00 00 00 00 48 fd fd 4d 16 f5 fd b7 04 00 02 69 fd 46 00 00 00 00 00 00
00 00 00 00 00 00 00 00 84 fd fd 0b 18 fd fd 74 00 00 01 96 fd 46 00 00 00 00 00 00
00 00 00 00 00 00 00 00 bd fd f1 0a 18 fd fd 3b 00 00 52 fd d4 1e 00 00 00 00 00 00
00 00 00 00 00 00 00 00 bd fd 93 00 18 fd fd 96 1e 2c d0 d4 1f 00 00 00 00 00 00 00
00 00 00 00 00 00 00 00 bd fd ae 03 07 b9 fd fd e3 f7 b8 1e 00 00 00 00 00 00 00 00
00 00 00 00 00 00 00 00 96 fd fd 91 5f ea fd fd fd 7e 01 00 00 00 00 00 00 00 00 00
00 00 00 00 00 00 00 00 48 fd fd fd fd fd fd fd a9 0e 00 00 00 00 00 00 00 00 00 00
00 00 00 00 00 00 00 00 05 72 f0 fd fd ea 87 2c 03 00 00 00 00 00 00 00 00 00 00 00
00 00 00 00 00 00 00 00 00 00 00 00 00 00 00 00 00 00 00 00 00 00 00 00 00 00 00 00
00 00 00 00 00 00 00 00 00 00 00 00 00 00 00 00 00 00 00 00 00 00 00 00 00 00 00 00
00 00 00 00 00 00 00 00 00 00 00 00 00 00 00 00 00 00 00 00 00 00 00 00 00 00 00 00
00 00 00 00 00 00 00 00 00 00 00 00 00 00 00 00 00 00 00 00 00 00 00 00 00 00 00 00
00 00 00 00 00 00 00 00 00 00 00 00 00 00 00 00 00 00 00 00 00 00 00 00 00 00 00 00
