00 00 00 00 00 00 00 00 00 00 00 00 00 00 00 00 00 00 00 00 00 00 00 00 00 00 00 00
00 00 00 00 00 00 00 00 00 00 00 00 00 00 00 00 00 00 00 00 00 00 00 00 00 00 00 00
00 00 00 00 00 00 00 00 00 00 00 00 00 00 00 00 00 00 00 00 00 00 00 00 00 00 00 00
00 00 00 00 00 00 00 00 00 00 00 00 00 00 00 00 00 00 00 00 00 00 00 00 00 00 00 00
00 00 00 00 00 00 00 00 00 00 00 00 00 00 29 89 89 89 fd f2 3c 0e 00 00 00 00 00 00
00 00 00 00 00 00 00 00 00 00 00 00 00 62 e1 fe fe fe fe fe fe bd 00 00 00 00 00 00
00 00 00 00 00 00 00 00 00 00 00 00 00 a0 fe d5 91 c9 c3 53 c3 e9 24 00 00 00 00 00
00 00 00 00 00 00 00 00 00 00 00 00 00 a0 b1 0f 00 00 00 00 a6 e0 1c 00 00 00 00 00
00 00 00 00 00 00 00 00 00 00 00 00 00 1e 0e 00 00 00 00 00 a6 fe 35 00 00 00 00 00
00 00 00 00 00 00 00 00 00 00 00 03 6c 28 00 00 00 00 06 7a f5 c4 06 00 00 00 00 00
00 00 00 00 00 00 00 00 00 00 00 06 fe 5f 00 00 00 03 80 fe fb 81 00 00 00 00 00 00
00 00 00 00 00 00 00 00 00 00 00 06 fe a4 08 00 41 c0 fe f1 50 00 00 00 00 00 00 00
00 00 00 00 00 00 00 00 00 00 00 03 b8 fe 85 a0 f0 fe e3 28 00 00 00 00 00 00 00 00
00 00 00 00 00 00 00 00 00 00 00 00 3c fe ff fe ff 93 26 00 00 00 00 00 00 00 00 00
00 00 00 00 00 00 00 00 00 00 00 02 5f fe fe fe 5a 06 00 00 00 00 00 00 00 00 00 00
00 00 00 00 00 00 00 00 00 00 29 9a fe fe ff fe 29 00 00 00 00 00 00 00 00 00 00 00
00 00 00 00 00 00 00 00 00 00 a0 fc 8d 57 dd fe 29 00 00 00 00 00 00 00 00 00 00 00
00 00 00 00 00 00 00 00 04 ce fe b6 00 00 b2 fe 66 00 00 00 00 00 00 00 00 00 00 00
00 00 00 00 00 00 00 07 94 fe b2 05 00 00 b2 fe 9f 00 00 00 00 00 00 00 00 00 00 00
00 00 00 00 00 00 00 36 fe ee 18 00 00 1c e4 fe 52 00 00 00 00 00 00 00 00 00 00 00
00 00 00 00 00 00 00 36 fe a5 00 00 00 80 fe fe 29 00 00 00 00 00 00 00 00 00 00 00
00 00 00 00 00 00 00 36 fe ec 3e 2c ca eb fe 9a 09 00 00 00 00 00 00 00 00 00 00 00
00 00 00 00 00 00 00 08 c7 fe f0 ed fe fe cb 08 00 00 00 00 00 00 00 00 00 00 00 00
00 00 00 00 00 00 00 00 2e e9 fe fe fe b3 31 00 00 00 00 00 00 00 00 00 00 00 00 00
00 00 00 00 00 00 00 00 00 00 00 00 00 00 00 00 00 00 00 00 00 00 00 00 00 00 00 00
00 00 00 00 00 00 00 00 00 00 00 00 00 00 00 00 00 00 00 00 00 00 00 00 00 00 00 00
00 00 00 00 00 00 00 00 00 00 00 00 00 00 00 00 00 00 00 00 00 00 00 00 00 00 00 00
00 00 00 00 00 00 00 00 00 00 00 00 00 00 00 00 00 00 00 00 00 00 00 00 00 00 00 00
