00 00 00 00 00 00 00 00 00 00 00 00 00 00 00 00 00 00 00 00 00 00 00 00 00 00 00 00
00 00 00 00 00 00 00 00 00 00 00 00 00 00 00 00 00 00 00 00 00 00 00 00 00 00 00 00
00 00 00 00 00 00 00 00 00 00 00 00 00 00 00 00 00 00 00 00 00 00 00 00 00 00 00 00
00 00 00 00 00 00 00 00 00 00 00 00 00 00 00 00 00 00 00 00 00 00 00 00 00 00 00 00
00 00 00 00 00 00 00 00 00 00 00 00 00 00 00 00 00 00 00 00 00 00 00 00 00 00 00 00
00 00 00 00 00 00 00 00 00 00 00 00 00 00 00 00 00 00 00 00 00 00 00 00 00 00 00 00
00 00 00 00 00 00 00 00 00 00 00 02 5d a4 fe ff fe 84 00 00 00 00 00 00 00 00 00 00
00 00 00 00 00 00 00 00 00 00 15 a3 fd fd f3 e7 fd f1 00 00 00 00 00 00 00 00 00 00
00 00 00 00 00 00 00 00 00 17 cf fd f5 c8 55 1f 9e f1 00 00 00 00 00 00 00 00 00 00
00 00 00 00 00 00 00 00 00 6b fd f7 62 00 00 00 71 fa 4f 00 00 00 00 00 00 00 00 00
00 00 00 00 00 00 00 00 00 6b fd bc 00 00 00 00 15 f5 45 00 00 00 00 00 00 00 00 00
00 00 00 00 00 00 00 00 00 9c fd 70 00 00 00 00 00 83 00 00 00 00 00 00 00 00 00 00
00 00 00 00 00 00 00 00 00 a7 fd e1 03 00 00 00 03 f3 66 00 00 00 00 00 00 00 00 00
00 00 00 00 00 00 00 00 00 61 fc fd b7 3c 18 7c bf fc 60 00 00 00 00 00 00 00 00 00
00 00 00 00 00 00 00 00 00 00 5d eb fd fd fd fd fd f1 00 00 00 00 00 00 00 00 00 00
00 00 00 00 00 00 00 00 00 00 00 2b 4c 9f c2 f4 fd d6 00 00 00 00 00 00 00 00 00 00
00 00 00 00 00 00 00 00 00 00 00 00 00 00 60 f4 fd 58 00 00 00 00 00 00 00 00 00 00
00 00 00 00 00 00 00 00 00 00 00 00 00 32 f4 fd d3 03 00 00 00 00 00 00 00 00 00 00
00 00 00 00 00 00 00 00 00 00 00 00 00 3c fd fd 8d 00 00 00 00 00 00 00 00 00 00 00
00 00 00 00 00 00 00 00 00 00 00 00 02 7c fd c7 0e 00 00 00 00 00 00 00 00 00 00 00
00 00 00 00 00 00 00 00 00 00 00 00 6f fd fd 29 00 00 00 00 00 00 00 00 00 00 00 00
00 00 00 00 00 00 00 00 00 00 00 00 a0 fd ef 21 00 00 00 00 00 00 00 00 00 00 00 00
00 00 00 00 00 00 00 00 00 00 00 00 a0 fd b0 00 00 00 00 00 00 00 00 00 00 00 00 00
00 00 00 00 00 00 00 00 00 00 00 00 a0 fd b0 00 00 00 00 00 00 00 00 00 00 00 00 00
00 00 00 00 00 00 00 00 00 00 00 00 a0 fd b0 00 00 00 00 00 00 00 00 00 00 00 00 00
00 00 00 00 00 00 00 00 00 00 00 00 69 fd 7a 00 00 00 00 00 00 00 00 00 00 00 00 00
00 00 00 00 00 00 00 00 00 00 00 00 00 00 00 00 00 00 00 00 00 00 00 00 00 00 00 00
00 00 00 00 00 00 00 00 00 00 00 00 00 00 00 00 00 00 00 00 00 00 00 00 00 00 00 00
