00 00 00 00 00 00 00 00 00 00 00 00 00 00 00 00 00 00 00 00 00 00 00 00 00 00 00 00
00 00 00 00 00 00 00 00 00 00 00 00 00 00 00 00 00 00 00 00 00 00 00 00 00 00 00 00
00 00 00 00 00 00 00 00 00 00 00 00 00 00 00 00 00 00 00 00 00 00 00 00 00 00 00 00
00 00 00 00 00 00 00 00 00 00 00 00 00 00 00 00 00 00 00 00 00 00 00 00 00 00 00 00
00 00 00 00 00 00 00 00 00 00 00 00 00 00 00 00 00 00 00 00 00 00 00 00 00 00 00 00
00 00 00 00 00 00 00 00 00 00 00 00 00 2e 69 fe fe fe fe ff ef 29 00 00 00 00 00 00
00 00 00 00 00 00 00 00 00 00 00 25 76 de fe fd fd fd fd fd fd d3 36 00 00 00 00 00
00 00 00 00 00 00 00 00 00 00 0e c8 fd fd fe fd fd fd fd fd fd fd 74 00 00 00 00 00
00 00 00 00 00 00 00 00 10 a0 ec fd fd fd fe fd fd f6 e5 fd fd fd 74 00 00 00 00 00
00 00 00 00 00 00 00 00 63 fd fd fd fd fd fe fd fd d5 63 fd fd fd 74 00 00 00 00 00
00 00 00 00 00 00 00 19 c2 fd fd fd fd 83 61 a9 fd 5d 63 fd fd fd 74 00 00 00 00 00
00 00 00 00 00 00 00 ce fd fd fb e9 7f 09 00 12 26 03 0f ab fd fd 74 00 00 00 00 00
00 00 00 00 00 00 37 f0 fd fd e9 00 00 00 00 00 00 00 1f ba fd fd 74 00 00 00 00 00
00 00 00 00 00 00 b0 fd fd fd 7f 00 00 00 00 00 00 00 63 fd fd fd 74 00 00 00 00 00
00 00 00 00 00 00 b0 fd fd 83 09 00 00 00 00 00 00 00 63 fd fd fd 74 00 00 00 00 00
00 00 00 00 00 77 fe fe e8 4b 00 00 00 00 00 00 00 00 00 9e fe fe 75 00 00 00 00 00
00 00 00 00 00 76 fd fd 9a 00 00 00 00 00 00 00 00 00 00 9c fd fd 74 00 00 00 00 00
00 00 00 00 00 76 fd fd 9a 00 00 00 00 00 00 00 00 00 00 9c fd fd 74 00 00 00 00 00
00 00 00 00 2e de fd fd 9a 00 00 00 00 00 00 00 00 07 74 f6 fd b4 09 00 00 00 00 00
00 00 00 00 00 76 fd fd 9a 00 00 00 00 00 00 00 00 74 fd fd fd ae 00 00 00 00 00 00
00 00 00 00 00 76 fd fd 9a 00 00 00 00 00 00 00 6e f6 fd fd f0 43 00 00 00 00 00 00
00 00 00 00 00 76 fd fd ee d7 31 14 14 14 42 d7 f1 fd f5 e9 40 00 00 00 00 00 00 00
00 00 00 00 00 52 e5 fd fd fd fd fd fd fd fe fd fd f0 6b 00 00 00 00 00 00 00 00 00
00 00 00 00 00 00 b0 fd fd fd fd fd fd fd fe fd fd 6c 00 00 00 00 00 00 00 00 00 00
00 00 00 00 00 00 28 ef fd fd fd fd fd fd fe a1 39 04 00 00 00 00 00 00 00 00 00 00
00 00 00 00 00 00 00 00 00 00 00 00 00 00 00 00 00 00 00 00 00 00 00 00 00 00 00 00
00 00 00 00 00 00 00 00 00 00 00 00 00 00 00 00 00 00 00 00 00 00 00 00 00 00 00 00
00 00 00 00 00 00 00 00 00 00 00 00 00 00 00 00 00 00 00 00 00 00 00 00 00 00 00 00
