00 00 00 00 00 00 00 00 00 00 00 00 00 00 00 00 00 00 00 00 00 00 00 00 00 00 00 00
00 00 00 00 00 00 00 00 00 00 00 00 00 00 00 00 00 00 00 00 00 00 00 00 00 00 00 00
00 00 00 00 00 00 00 00 00 00 00 00 00 00 00 00 00 00 00 00 00 00 00 00 00 00 00 00
00 00 00 00 00 00 00 00 00 00 00 00 00 00 00 a6 de 37 00 00 00 00 00 00 00 00 00 00
00 00 00 00 00 00 00 00 00 00 00 00 00 00 00 c5 fe da 05 00 00 00 00 00 00 00 00 00
00 00 00 00 00 00 00 00 00 00 00 00 00 00 1d f9 fe fe 09 00 00 00 00 00 00 00 00 00
00 00 00 00 00 00 00 00 00 00 00 00 00 00 2d fe fe ae 02 00 00 00 00 00 00 00 00 00
00 00 00 00 00 00 00 00 00 00 00 00 00 04 a4 fe fe 55 00 00 00 00 00 00 00 00 00 00
00 00 00 00 00 00 00 00 00 00 00 00 00 92 fe fe fe 55 00 00 00 00 00 00 00 00 00 00
00 00 00 00 00 00 00 00 00 00 00 00 65 f5 fe fe fe 55 00 00 00 00 00 00 00 00 00 00
00 00 00 00 00 00 00 00 00 00 00 61 f8 fe cc fe fe 55 00 00 00 00 00 00 00 00 00 00
00 00 00 00 00 00 0c 3b 62 97 ed fe fe 6d 23 fe fe 55 00 00 00 00 00 00 00 00 00 00
00 00 00 00 00 00 29 d8 fe fe ef 99 25 04 20 fe fe 55 00 00 00 00 00 00 00 00 00 00
00 00 00 00 00 00 00 07 2c 2c 1e 00 00 00 20 fe fe 60 00 00 00 00 00 00 00 00 00 00
00 00 00 00 00 00 00 00 00 00 00 00 00 00 13 e6 fe ae 00 00 00 00 00 00 00 00 00 00
00 00 00 00 00 00 00 00 00 00 00 00 00 00 00 c5 fe 6e 00 00 00 00 00 00 00 00 00 00
00 00 00 00 00 00 00 00 00 00 00 00 00 00 00 c5 fe 55 00 00 00 00 00 00 00 00 00 00
00 00 00 00 00 00 00 00 00 00 00 00 00 00 00 c5 fd 3f 00 00 00 00 00 00 00 00 00 00
00 00 00 00 00 00 00 00 00 00 25 36 36 2d 1a 54 dd 54 15 1f a2 4e 00 00 00 00 00 00
00 00 00 00 00 00 00 06 29 8d f4 fe fe f8 ec fe fe fe e9 ef fe 8a 00 00 00 00 00 00
00 00 00 00 00 00 17 a7 fe fe fe fe e5 e4 b9 8a 8a 8a 8a 8a 8a 2c 00 00 00 00 00 00
00 00 00 00 00 00 71 fe fe fe b3 40 05 00 00 00 00 00 00 00 00 00 00 00 00 00 00 00
00 00 00 00 00 00 20 d1 b7 61 00 00 00 00 00 00 00 00 00 00 00 00 00 00 00 00 00 00
00 00 00 00 00 00 00 00 00 00 00 00 00 00 00 00 00 00 00 00 00 00 00 00 00 00 00 00
00 00 00 00 00 00 00 00 00 00 00 00 00 00 00 00 00 00 00 00 00 00 00 00 00 00 00 00
00 00 00 00 00 00 00 00 00 00 00 00 00 00 00 00 00 00 00 00 00 00 00 00 00 00 00 00
00 00 00 00 00 00 00 00 00 00 00 00 00 00 00 00 00 00 00 00 00 00 00 00 00 00 00 00
00 00 00 00 00 00 00 00 00 00 00 00 00 00 00 00 00 00 00 00 00 00 00 00 00 00 00 00
