00 00 00 00 00 00 00 00 00 00 00 00 00 00 00 00 00 00 00 00 00 00 00 00 00 00 00 00
00 00 00 00 00 00 00 00 00 00 00 00 00 00 00 00 00 00 00 00 00 00 00 00 00 00 00 00
00 00 00 00 00 00 00 00 00 00 00 00 00 00 00 00 00 00 00 00 00 00 00 00 00 00 00 00
00 00 00 00 00 00 00 00 00 00 00 00 00 00 00 00 00 00 00 00 00 00 00 00 00 00 00 00
00 00 00 00 00 00 00 00 00 00 00 00 00 00 00 00 00 00 00 00 00 00 00 00 00 00 00 00
00 00 00 00 00 00 00 00 00 00 00 00 00 00 00 00 00 00 00 00 00 00 00 00 00 00 00 00
00 00 00 00 00 00 00 00 00 00 2b 70 70 97 f1 f1 f1 93 70 70 28 00 00 00 00 00 00 00
00 00 00 00 00 00 00 00 64 9e f2 fd fd fd fd fd fd fd fd fd e1 5e 00 00 00 00 00 00
00 00 00 00 00 00 a2 e4 fc fd fd fd fd ac 9b 9b 9b 9b df fd fd ed 28 00 00 00 00 00
00 00 00 00 00 00 ff fd 2a 56 a2 30 20 06 00 00 00 00 27 d2 fd e6 0d 00 00 00 00 00
00 00 00 00 00 00 d3 fd 0c 00 00 00 00 00 00 00 00 12 74 fd fd b7 00 00 00 00 00 00
00 00 00 00 00 00 16 2d 03 00 00 00 00 00 00 00 13 b5 fd fd f3 43 00 00 00 00 00 00
00 00 00 00 00 00 00 00 00 00 00 00 00 00 00 5a d6 fd fd cd 5b 00 00 00 00 00 00 00
00 00 00 00 00 00 00 00 00 00 00 00 00 00 5a f0 fd fd b8 13 00 00 00 00 00 00 00 00
00 00 00 00 00 00 00 00 00 00 00 00 5e bd f0 fd f0 65 14 00 00 00 00 00 00 00 00 00
00 00 00 00 00 00 00 00 00 00 15 a6 f3 fd ee a7 37 00 00 00 00 00 00 00 00 00 00 00
00 00 00 00 00 00 00 00 00 61 ce fd fd d7 52 00 00 00 00 00 00 00 1c 2e 2e 2e 00 00
00 00 00 00 00 00 00 13 a3 f7 fd ef aa 0f 00 0b 28 28 28 7f a9 aa db fd fd e9 00 00
00 00 00 00 00 00 11 ca fd fd fd 6b 8f a3 a3 ba fd fd fd fd fd fa dd dc 96 2c 00 00
00 00 00 00 00 00 7d fd fd fd fd fd fd fd fd fd ea e3 e3 e3 8f 57 00 00 00 00 00 00
00 00 00 00 00 00 73 ea ea f2 fd fd fd ed 81 68 1b 00 00 00 00 00 00 00 00 00 00 00
00 00 00 00 00 00 00 00 00 2e 6e 6e 6e 14 00 00 00 00 00 00 00 00 00 00 00 00 00 00
00 00 00 00 00 00 00 00 00 00 00 00 00 00 00 00 00 00 00 00 00 00 00 00 00 00 00 00
00 00 00 00 00 00 00 00 00 00 00 00 00 00 00 00 00 00 00 00 00 00 00 00 00 00 00 00
00 00 00 00 00 00 00 00 00 00 00 00 00 00 00 00 00 00 00 00 00 00 00 00 00 00 00 00
00 00 00 00 00 00 00 00 00 00 00 00 00 00 00 00 00 00 00 00 00 00 00 00 00 00 00 00
00 00 00 00 00 00 00 00 00 00 00 00 00 00 00 00 00 00 00 00 00 00 00 00 00 00 00 00
00 00 00 00 00 00 00 00 00 00 00 00 00 00 00 00 00 00 00 00 00 00 00 00 00 00 00 00
