00 00 00 00 00 00 00 00 00 00 00 00 00 00 00 00 00 00 00 00 00 00 00 00 00 00 00 00
00 00 00 00 00 00 00 00 00 00 00 00 00 00 00 00 00 00 00 00 00 00 00 00 00 00 00 00
00 00 00 00 00 00 00 00 00 00 00 00 00 00 00 00 00 00 00 00 00 00 00 00 00 00 00 00
00 00 00 00 00 00 00 00 00 00 00 00 00 00 00 00 00 00 00 00 00 00 00 00 00 00 00 00
00 00 00 00 00 00 00 00 00 00 3f 6e e9 fd fd ff fd fd fd ff d3 1f 00 00 00 00 00 00
00 00 00 00 00 00 00 00 00 49 ed fd fc e7 42 62 c8 fc fc fd fc ce 1f 00 00 00 00 00
00 00 00 00 00 00 00 00 00 a0 fc ed d7 84 5c 00 15 47 47 d9 f7 fc 6c 00 00 00 00 00
00 00 00 00 00 00 00 00 00 10 6c 3e 00 00 00 00 00 00 00 01 d9 fc 6c 00 00 00 00 00
00 00 00 00 00 00 00 00 00 00 00 00 00 00 00 00 00 00 00 fd fc d7 00 00 00 00 00 00
00 00 00 00 00 00 00 00 00 00 00 00 00 00 00 00 00 35 9b fd fc ae 00 00 00 00 00 00
00 00 00 00 00 00 00 00 00 00 00 00 00 00 00 10 4e e8 fc fd c8 14 00 00 00 00 00 00
00 00 00 00 00 00 00 00 00 00 00 00 00 00 00 bf fc fc fc fd 61 00 00 00 00 00 00 00
00 00 00 00 00 00 00 00 00 00 00 00 00 63 fd ff fd fd bf 00 00 00 00 00 00 00 00 00
00 00 00 00 00 00 00 00 00 00 00 00 00 b5 fc fd fc fc e8 00 00 00 00 00 00 00 00 00
00 00 00 00 00 00 00 00 00 00 00 00 00 48 d7 e8 fc fc fc 78 05 00 00 00 00 00 00 00
00 00 00 00 00 00 00 00 00 00 00 00 00 00 00 2f 6c d3 fc fd 23 00 00 00 00 00 00 00
00 00 00 00 00 00 00 00 00 00 00 00 00 00 00 00 00 b6 fd ff 23 00 00 00 00 00 00 00
00 00 00 00 00 00 00 00 00 00 00 00 00 00 00 00 00 b5 fc fd 23 00 00 00 00 00 00 00
00 00 00 25 1a 00 00 00 00 00 00 00 00 00 00 00 0b bf fc fd 8a 00 00 00 00 00 00 00
00 00 00 fd b3 00 00 00 00 00 00 00 00 00 00 00 9b fc fc fd 61 00 00 00 00 00 00 00
00 00 00 ff fd 85 00 00 00 00 00 00 00 10 6d ab fd fd fd 54 00 00 00 00 00 00 00 00
00 00 00 fd fc f7 d9 d9 5d 49 49 87 d9 de fc fd fc fc d2 00 00 00 00 00 00 00 00 00
00 00 00 85 e2 fc fc fc fc fc fc fd fc fc fc ed d7 70 1f 00 00 00 00 00 00 00 00 00
00 00 00 00 1f 6c be fc fc fc fc fd fc e7 6c 3e 00 00 00 00 00 00 00 00 00 00 00 00
00 00 00 00 00 00 00 00 00 00 00 00 00 00 00 00 00 00 00 00 00 00 00 00 00 00 00 00
00 00 00 00 00 00 00 00 00 00 00 00 00 00 00 00 00 00 00 00 00 00 00 00 00 00 00 00
00 00 00 00 00 00 00 00 00 00 00 00 00 00 00 00 00 00 00 00 00 00 00 00 00 00 00 00
00 00 00 00 00 00 00 00 00 00 00 00 00 00 00 00 00 00 00 00 00 00 00 00 00 00 00 00
