00 00 00 00 00 00 00 00 00 00 00 00 00 00 00 00 00 00 00 00 00 00 00 00 00 00 00 00
00 00 00 00 00 00 00 00 00 00 00 00 00 00 00 00 00 00 00 00 00 00 00 00 00 00 00 00
00 00 00 00 00 00 00 00 00 00 00 00 00 00 00 00 00 00 00 00 00 00 00 00 00 00 00 00
00 00 00 00 00 00 00 00 00 00 00 00 00 00 00 00 00 00 00 00 00 00 00 00 00 00 00 00
00 00 00 00 00 00 00 00 00 00 00 00 00 9c ff 3a 00 00 00 00 00 00 00 00 00 00 00 00
00 00 00 00 00 00 00 00 00 00 00 00 00 db fe 78 00 00 00 00 00 00 00 00 00 00 00 00
00 00 00 00 00 00 00 00 00 00 00 00 00 fa fe 78 00 00 00 00 00 00 00 00 00 00 00 00
00 00 00 00 00 00 00 00 00 00 00 00 0c fb fe 2d 05 15 00 00 00 00 00 00 00 00 00 00
00 00 00 00 00 00 00 00 00 00 00 00 5d fe d4 12 ad d9 00 00 00 00 00 00 00 00 00 00
00 00 00 00 00 00 00 00 00 00 00 04 ca fe 34 00 d2 f3 1c 00 00 00 00 00 00 00 00 00
00 00 00 00 00 00 00 00 00 00 00 03 c9 fe 6b 00 d2 fe 47 00 00 00 00 00 00 00 00 00
00 00 00 00 00 00 00 00 00 00 00 7b fe fe 32 0d de fe 47 00 00 00 00 00 00 00 00 00
00 00 00 00 00 00 00 00 00 00 06 cb fe 87 02 2d fe fe 47 00 00 00 00 00 00 00 00 00
00 00 00 00 00 00 00 00 00 00 56 fe ef 2e 00 4d fe fa 3b 00 00 00 00 00 00 00 00 00
00 00 00 00 00 00 00 00 00 12 e2 fe 60 00 00 38 fe ec 00 00 00 00 00 00 00 00 00 00
00 00 00 00 00 00 00 00 04 91 fe fa 2e 12 12 8e fe d4 6c 6c 6c 6c 6c 15 00 00 00 00
00 00 00 00 00 00 00 00 53 fe fe fb b7 fd fe fe fe fe fe fc f9 f9 9e 0e 00 00 00 00
00 00 00 00 00 00 00 00 6f fe fe fe fe e7 c0 fe fe 99 55 3a 00 00 00 00 00 00 00 00
00 00 00 00 00 00 00 00 02 09 30 20 09 06 12 e8 fe 3a 00 00 00 00 00 00 00 00 00 00
00 00 00 00 00 00 00 00 00 00 00 00 00 00 6d fe ce 05 00 00 00 00 00 00 00 00 00 00
00 00 00 00 00 00 00 00 00 00 00 00 00 00 93 fe 85 00 00 00 00 00 00 00 00 00 00 00
00 00 00 00 00 00 00 00 00 00 00 00 00 00 93 fe 85 00 00 00 00 00 00 00 00 00 00 00
00 00 00 00 00 00 00 00 00 00 00 00 00 00 93 fe 62 00 00 00 00 00 00 00 00 00 00 00
00 00 00 00 00 00 00 00 00 00 00 00 00 00 93 fe 2c 00 00 00 00 00 00 00 00 00 00 00
00 00 00 00 00 00 00 00 00 00 00 00 00 00 00 00 00 00 00 00 00 00 00 00 00 00 00 00
00 00 00 00 00 00 00 00 00 00 00 00 00 00 00 00 00 00 00 00 00 00 00 00 00 00 00 00
00 00 00 00 00 00 00 00 00 00 00 00 00 00 00 00 00 00 00 00 00 00 00 00 00 00 00 00
00 00 00 00 00 00 00 00 00 00 00 00 00 00 00 00 00 00 00 00 00 00 00 00 00 00 00 00
