00 00 00 00 00 00 00 00 00 00 00 00 00 00 00 00 00 00 00 00 00 00 00 00 00 00 00 00
00 00 00 00 00 00 00 00 00 00 00 00 00 00 00 00 00 00 00 00 00 00 00 00 00 00 00 00
00 00 00 00 00 00 00 00 00 00 00 00 00 00 00 00 00 00 00 00 00 00 00 00 00 00 00 00
00 00 00 00 00 00 00 00 00 00 00 00 00 00 00 00 00 00 00 00 00 00 00 00 00 00 00 00
00 00 00 00 00 00 00 00 00 00 00 00 00 00 00 00 00 00 00 00 00 00 00 00 00 00 00 00
00 00 00 00 00 00 00 00 00 00 00 00 00 8d e2 e2 39 00 00 00 00 00 00 00 00 00 00 00
00 00 00 00 00 00 39 aa aa e2 aa ff ff ff ff e2 1d 00 00 00 00 00 00 00 00 00 00 00
00 00 00 00 00 00 8d ff ff ff e2 aa 8d 72 1d 00 00 00 00 00 00 00 00 00 00 00 00 00
00 00 00 00 00 00 00 8d ff 56 00 00 00 00 00 00 00 00 00 00 00 00 00 00 00 00 00 00
00 00 00 00 00 00 00 00 e2 8d 00 00 00 00 00 00 00 00 00 00 00 00 00 00 00 00 00 00
00 00 00 00 00 00 00 00 8d ff 1d 00 00 00 00 00 00 00 00 00 00 00 00 00 00 00 00 00
00 00 00 00 00 00 00 00 56 ff 72 00 00 39 56 56 39 1d 00 00 00 00 00 00 00 00 00 00
00 00 00 00 00 00 00 00 1d ff e2 72 e2 ff ff ff ff ff aa 1d 00 00 00 00 00 00 00 00
00 00 00 00 00 00 00 00 00 aa ff ff c6 aa 56 1d 72 8d e2 e2 1d 00 00 00 00 00 00 00
00 00 00 00 00 00 00 00 00 56 aa 39 00 00 00 00 00 00 56 ff c6 1d 00 00 00 00 00 00
00 00 00 00 00 00 00 00 00 00 00 00 00 00 00 00 00 00 00 72 ff 56 00 00 00 00 00 00
00 00 00 00 00 00 00 00 00 00 00 00 00 00 00 00 00 00 00 00 ff 56 00 00 00 00 00 00
00 00 00 00 00 00 00 00 00 00 00 00 00 00 00 00 00 00 00 00 ff aa 00 00 00 00 00 00
00 00 00 00 00 00 00 00 00 00 00 00 00 00 00 00 00 00 00 00 ff 72 00 00 00 00 00 00
00 00 00 00 00 00 00 00 00 00 00 00 00 00 00 00 00 00 00 1d ff 56 00 00 00 00 00 00
00 00 00 00 00 00 00 00 00 00 00 00 00 00 00 00 00 00 00 aa ff 1d 00 00 00 00 00 00
00 00 00 00 00 00 00 00 00 00 1d aa 00 00 00 00 00 00 39 ff c6 00 00 00 00 00 00 00
00 00 00 00 00 00 00 00 00 00 00 e2 aa 39 00 00 00 39 e2 ff 56 00 00 00 00 00 00 00
00 00 00 00 00 00 00 00 00 00 00 56 e2 ff e2 aa aa e2 e2 56 00 00 00 00 00 00 00 00
00 00 00 00 00 00 00 00 00 00 00 00 1d 72 c6 ff ff c6 1d 00 00 00 00 00 00 00 00 00
00 00 00 00 00 00 00 00 00 00 00 00 00 00 00 00 00 00 00 00 00 00 00 00 00 00 00 00
00 00 00 00 00 00 00 00 00 00 00 00 00 00 00 00 00 00 00 00 00 00 00 00 00 00 00 00
00 00 00 00 00 00 00 00 00 00 00 00 00 00 00 00 00 00 00 00 00 00 00 00 00 00 00 00
