00 00 00 00 00 00 00 00 00 00 00 00 00 00 00 00 00 00 00 00 00 00 00 00 00 00 00 00
00 00 00 00 00 00 00 00 00 00 00 00 00 00 00 00 00 00 00 00 00 00 00 00 00 00 00 00
00 00 00 00 00 00 00 00 00 00 00 00 00 00 00 00 00 00 00 00 00 00 00 00 00 00 00 00
00 00 00 00 00 00 00 00 00 00 00 00 00 00 00 00 00 32 ec fd 77 00 00 00 00 00 00 00
00 00 00 00 00 00 00 00 00 00 00 00 00 00 00 00 87 e5 fc fc 76 00 00 00 00 00 00 00
00 00 00 00 00 00 00 00 00 00 00 00 00 00 07 33 dd fc f7 db 2a 00 00 00 00 00 00 00
00 00 00 00 00 00 00 00 00 00 00 00 00 00 69 fc fc fc b1 00 00 00 00 00 00 00 00 00
00 00 00 00 00 00 00 00 00 00 00 00 00 2d ec fc fc d8 25 00 00 00 00 00 00 00 00 00
00 00 00 00 00 00 00 00 00 00 00 00 32 de fd fc 87 27 00 00 00 00 00 00 00 00 00 00
00 00 00 00 00 00 00 00 00 00 00 30 e0 fc fd dc 2a 00 00 00 00 00 00 00 00 00 00 00
00 00 00 00 00 00 00 00 00 00 00 e6 fc fc 9a 0b 00 00 00 00 00 00 00 00 00 00 00 00
00 00 00 00 00 00 00 00 00 12 ac f8 fc fc 35 51 c1 c1 3e 0d 00 00 00 00 00 00 00 00
00 00 00 00 00 00 00 00 00 6a cb fc fc fc c0 fc fc fc cf 1e 00 00 00 00 00 00 00 00
00 00 00 00 00 00 00 00 00 b3 fd fd fd fd ff fd b9 95 f1 df 00 00 00 00 00 00 00 00
00 00 00 00 00 00 00 00 00 5b fc fc fc fc fd ed 9b 00 87 ef 46 00 00 00 00 00 00 00
00 00 00 00 00 00 00 00 05 b7 fc fc fc fc f7 d8 35 00 87 ef 46 00 00 00 00 00 00 00
00 00 00 00 00 00 00 00 28 d9 fc fc fc fc c6 15 00 00 df de 00 00 00 00 00 00 00 00
00 00 00 00 00 00 00 00 c6 f3 fc fc fc cf 1d 05 3a df b6 19 00 00 00 00 00 00 00 00
00 00 00 00 00 00 00 47 f0 fc fc fc 84 1e 0d 99 e2 b5 37 00 00 00 00 00 00 00 00 00
00 00 00 00 00 00 00 00 df fc fc fc e7 86 b7 fc fc bc 0e 00 00 00 00 00 00 00 00 00
00 00 00 00 00 00 00 00 53 fc fc fc fc fc fd fc c1 56 00 00 00 00 00 00 00 00 00 00
00 00 00 00 00 00 00 00 3e ef fc fc fc fc fd d8 24 00 00 00 00 00 00 00 00 00 00 00
00 00 00 00 00 00 00 00 00 4a 67 67 81 fc fd fc 58 00 00 00 00 00 00 00 00 00 00 00
00 00 00 00 00 00 00 00 00 00 00 00 00 00 00 00 00 00 00 00 00 00 00 00 00 00 00 00
00 00 00 00 00 00 00 00 00 00 00 00 00 00 00 00 00 00 00 00 00 00 00 00 00 00 00 00
00 00 00 00 00 00 00 00 00 00 00 00 00 00 00 00 00 00 00 00 00 00 00 00 00 00 00 00
00 00 00 00 00 00 00 00 00 00 00 00 00 00 00 00 00 00 00 00 00 00 00 00 00 00 00 00
00 00 00 00 00 00 00 00 00 00 00 00 00 00 00 00 00 00 00 00 00 00 00 00 00 00 00 00
