00 00 00 00 00 00 00 00 00 00 00 00 00 00 00 00 00 00 00 00 00 00 00 00 00 00 00 00
00 00 00 00 00 00 00 00 00 00 00 00 00 00 00 00 00 00 00 00 00 00 00 00 00 00 00 00
00 00 00 00 00 00 00 00 00 00 00 00 00 00 00 00 00 00 00 00 00 00 00 00 00 00 00 00
00 00 00 00 00 00 00 00 00 00 00 00 00 00 00 00 00 00 00 00 00 00 00 00 00 00 00 00
00 00 00 00 00 00 00 00 00 00 00 00 00 00 00 00 00 00 00 00 00 00 00 00 00 00 00 00
00 00 00 00 00 00 00 00 00 00 00 00 00 00 00 00 00 00 00 00 00 00 00 00 00 00 00 00
00 00 00 00 00 00 00 00 00 00 00 00 00 00 00 00 00 00 00 00 00 00 00 00 00 00 00 00
00 00 00 00 00 00 00 00 00 9f ff e9 30 54 60 60 60 60 60 c2 ff e9 30 00 00 00 00 00
00 00 00 00 00 00 00 00 30 e4 fd fb dc f4 fb fd fb fb fb fb fd f7 6e 00 00 00 00 00
00 00 00 00 00 00 00 00 40 fb fd fb bc ec fb fd fb fb fb fb fd dc 00 00 00 00 00 00
00 00 00 00 00 00 00 00 68 fb fd df 0f 1b 81 bd 45 1f 56 fb fd dc 00 00 00 00 00 00
00 00 00 00 00 00 00 50 f0 fb fd 79 00 00 00 00 00 00 a2 fb fd dc 00 00 00 00 00 00
00 00 00 00 00 00 14 ce fd fd db 27 00 00 00 00 00 30 ea fd ff 3f 00 00 00 00 00 00
00 00 00 00 00 00 00 6f e4 e7 8a 00 00 00 00 00 2c dd fb fb a1 10 00 00 00 00 00 00
00 00 00 00 00 00 00 00 20 2f 00 00 00 00 00 00 be fb fb fb 00 00 00 00 00 00 00 00
00 00 00 00 00 00 00 00 00 00 00 00 00 00 00 18 cd fb fb fb 00 00 00 00 00 00 00 00
00 00 00 00 00 00 00 00 00 00 00 00 00 00 00 c2 fb fb d3 5e 00 00 00 00 00 00 00 00
00 00 00 00 00 00 00 00 00 00 00 00 00 18 c2 ff fd fd 1f 00 00 00 00 00 00 00 00 00
00 00 00 00 00 00 00 00 00 00 00 00 10 ba fb fd fb eb 1b 00 00 00 00 00 00 00 00 00
00 00 00 00 00 00 00 00 00 00 00 00 7f fb fb fd 9c 3f 00 00 00 00 00 00 00 00 00 00
00 00 00 00 00 00 00 00 00 00 18 54 ec fb fb e5 2f 00 00 00 00 00 00 00 00 00 00 00
00 00 00 00 00 00 00 00 00 00 60 fb fb fb fb 3b 00 00 00 00 00 00 00 00 00 00 00 00
00 00 00 00 00 00 00 00 00 3c ff fd fd fd 5f 00 00 00 00 00 00 00 00 00 00 00 00 00
00 00 00 00 00 00 00 00 30 e4 fd fb fb b8 17 00 00 00 00 00 00 00 00 00 00 00 00 00
00 00 00 00 00 00 00 00 8f fb fd fb bc 0f 00 00 00 00 00 00 00 00 00 00 00 00 00 00
00 00 00 00 00 00 00 00 b5 fb fd f3 5e 00 00 00 00 00 00 00 00 00 00 00 00 00 00 00
00 00 00 00 00 00 00 00 40 fb c1 52 00 00 00 00 00 00 00 00 00 00 00 00 00 00 00 00
00 00 00 00 00 00 00 00 00 00 00 00 00 00 00 00 00 00 00 00 00 00 00 00 00 00 00 00
