00 00 00 00 00 00 00 00 00 00 00 00 00 00 00 00 00 00 00 00 00 00 00 00 00 00 00 00
00 00 00 00 00 00 00 00 00 00 00 00 00 00 00 00 00 00 00 00 00 00 00 00 00 00 00 00
00 00 00 00 00 00 00 00 00 00 00 00 00 00 00 00 00 00 00 00 00 00 00 00 00 00 00 00
00 00 00 00 00 00 00 00 00 00 00 00 00 00 00 00 00 00 00 00 00 00 00 00 00 00 00 00
00 00 00 00 00 00 00 00 00 00 00 00 00 00 06 8b fd fd ac 84 84 23 02 00 00 00 00 00
00 00 00 00 00 00 00 00 00 00 00 00 00 00 be fd fc fc ec f5 fc fc 2f 00 00 00 00 00
00 00 00 00 00 00 00 00 00 00 00 00 0e 15 f1 e4 60 60 20 45 c6 fc 9b 00 00 00 00 00
00 00 00 00 00 00 00 00 00 00 00 00 b1 d8 e1 28 00 00 00 00 49 fc dc 10 00 00 00 00
00 00 00 00 00 00 00 00 00 00 00 00 d9 fc 67 00 00 00 00 00 49 fc e5 12 00 00 00 00
00 00 00 00 00 00 00 00 00 00 00 00 7e fc 2e 00 00 00 00 51 d2 fc 7a 00 00 00 00 00
00 00 00 00 00 00 00 00 00 00 00 00 41 f4 e6 29 00 00 89 ef fc 8f 07 00 00 00 00 00
00 00 00 00 00 00 00 00 00 00 00 00 00 e5 fc 79 0a 73 f1 fc 8f 07 00 00 00 00 00 00
00 00 00 00 00 00 00 00 00 00 00 00 00 b1 fc f1 e7 fc b3 3a 06 00 00 00 00 00 00 00
00 00 00 00 00 00 00 00 00 00 00 00 00 a6 fc fd f1 73 04 00 00 00 00 00 00 00 00 00
00 00 00 00 00 00 00 00 00 00 00 0a a2 fd fd ff 6d 00 00 00 00 00 00 00 00 00 00 00
00 00 00 00 00 00 00 00 00 00 07 d1 fc f2 fb fd b0 00 00 00 00 00 00 00 00 00 00 00
00 00 00 00 00 00 00 00 00 37 b8 fc c0 37 f1 fd e4 00 00 00 00 00 00 00 00 00 00 00
00 00 00 00 00 00 00 00 72 e5 fc d5 7f 00 f1 fd cd 00 00 00 00 00 00 00 00 00 00 00
00 00 00 00 00 00 00 1b e5 fc ce 24 00 1b f4 fd 6c 00 00 00 00 00 00 00 00 00 00 00
00 00 00 00 00 00 07 9c fc ce 0e 00 1c 96 fc f4 1a 00 00 00 00 00 00 00 00 00 00 00
00 00 00 00 00 00 19 fc fc 97 00 00 61 fc fc 8f 00 00 00 00 00 00 00 00 00 00 00 00
00 00 00 00 00 00 19 fc fc c6 61 89 e6 fc fc 11 00 00 00 00 00 00 00 00 00 00 00 00
00 00 00 00 00 00 03 72 fc fc fc fc fc fc 21 00 00 00 00 00 00 00 00 00 00 00 00 00
00 00 00 00 00 00 00 13 83 da fc fc 94 50 01 00 00 00 00 00 00 00 00 00 00 00 00 00
00 00 00 00 00 00 00 00 00 00 00 00 00 00 00 00 00 00 00 00 00 00 00 00 00 00 00 00
00 00 00 00 00 00 00 00 00 00 00 00 00 00 00 00 00 00 00 00 00 00 00 00 00 00 00 00
00 00 00 00 00 00 00 00 00 00 00 00 00 00 00 00 00 00 00 00 00 00 00 00 00 00 00 00
00 00 00 00 00 00 00 00 00 00 00 00 00 00 00 00 00 00 00 00 00 00 00 00 00 00 00 00
