00 00 00 00 00 00 00 00 00 00 00 00 00 00 00 00 00 00 00 00 00 00 00 00 00 00 00 00
00 00 00 00 00 00 00 00 00 00 00 00 00 00 00 00 00 00 00 00 00 00 00 00 00 00 00 00
00 00 00 00 00 00 00 00 00 00 00 00 00 00 00 00 00 00 00 00 00 00 00 00 00 00 00 00
00 00 00 00 00 00 00 00 00 00 00 00 00 00 00 00 00 00 00 00 00 00 00 00 00 00 00 00
00 00 00 00 00 00 00 00 00 00 00 00 00 00 00 00 00 00 00 00 00 00 00 00 00 00 00 00
00 00 00 00 00 00 00 00 00 00 00 00 00 00 00 00 00 00 00 00 00 00 00 00 00 00 00 00
00 00 00 00 00 00 00 00 00 00 00 00 15 76 a4 fe ff ae 16 00 00 00 00 00 00 00 00 00
00 00 00 00 00 00 00 00 00 00 00 15 cb f8 b7 80 80 e4 61 00 00 00 00 00 00 00 00 00
00 00 00 00 00 00 00 00 00 00 14 c9 e0 60 00 00 00 a7 eb 12 00 00 00 00 00 00 00 00
00 00 00 00 00 00 00 00 00 00 a9 f9 3d 00 00 00 00 54 ed 12 00 00 00 00 00 00 00 00
00 00 00 00 00 00 00 00 00 2a f9 98 00 00 00 00 00 65 98 03 00 00 00 00 00 00 00 00
00 00 00 00 00 00 00 00 00 9b fe 6a 00 00 00 00 40 ef ca 07 00 00 00 00 00 00 00 00
00 00 00 00 00 00 00 00 00 b6 b6 02 00 00 00 00 c4 fe 7e 00 00 00 00 00 00 00 00 00
00 00 00 00 00 00 00 00 15 f2 69 00 00 00 00 00 eb fe 56 00 00 00 00 00 00 00 00 00
00 00 00 00 00 00 00 00 19 fe 69 00 00 00 00 36 f8 d8 1a 00 00 00 00 00 00 00 00 00
00 00 00 00 00 00 00 00 14 f0 7c 00 00 00 1b d6 f5 30 00 00 00 00 00 00 00 00 00 00
00 00 00 00 00 00 00 00 00 b6 cc 03 05 21 d1 fe a8 00 00 00 00 00 00 00 00 00 00 00
00 00 00 00 00 00 00 00 00 99 fe ba c7 fe fe fe 73 00 00 00 00 00 00 00 00 00 00 00
00 00 00 00 00 00 00 00 00 07 a7 e6 df 9c 8a fe 1a 00 00 00 00 00 00 00 00 00 00 00
00 00 00 00 00 00 00 00 00 00 00 18 10 15 ce fe 13 00 00 00 00 00 00 00 00 00 00 00
00 00 00 00 00 00 00 00 00 00 00 00 00 31 fe cb 07 00 00 00 00 00 00 00 00 00 00 00
00 00 00 00 00 00 00 00 00 00 00 00 00 31 fe 7f 00 00 00 00 00 00 00 00 00 00 00 00
00 00 00 00 00 00 00 00 00 00 00 00 00 7b f8 31 00 00 00 00 00 00 00 00 00 00 00 00
00 00 00 00 00 00 00 00 00 00 00 00 00 ce ef 00 00 00 00 00 00 00 00 00 00 00 00 00
00 00 00 00 00 00 00 00 00 00 00 00 00 f0 be 00 00 00 00 00 00 00 00 00 00 00 00 00
00 00 00 00 00 00 00 00 00 00 00 00 00 b9 35 00 00 00 00 00 00 00 00 00 00 00 00 00
00 00 00 00 00 00 00 00 00 00 00 00 00 00 00 00 00 00 00 00 00 00 00 00 00 00 00 00
00 00 00 00 00 00 00 00 00 00 00 00 00 00 00 00 00 00 00 00 00 00 00 00 00 00 00 00
