00 00 00 00 00 00 00 00 00 00 00 00 00 00 00 00 00 00 00 00 00 00 00 00 00 00 00 00
00 00 00 00 00 00 00 00 00 00 00 00 00 00 00 00 00 00 00 00 00 00 00 00 00 00 00 00
00 00 00 00 00 00 00 00 00 00 00 00 00 00 00 00 00 00 00 00 00 00 00 00 00 00 00 00
00 00 00 00 00 00 00 00 00 00 00 00 00 00 00 00 00 00 00 00 00 00 00 00 00 00 00 00
00 00 00 00 00 00 00 00 00 00 00 00 00 00 00 00 00 00 00 00 00 00 00 00 00 00 00 00
00 00 00 00 00 00 00 00 00 00 00 00 00 00 15 b0 fd fd 7c 00 00 00 00 00 00 00 00 00
00 00 00 00 00 00 00 00 00 00 00 00 00 69 b0 fb fb fb fb 69 00 00 00 00 00 00 00 00
00 00 00 00 00 00 00 00 00 00 00 3a d9 f1 fd fb fb fb fb f3 71 05 00 00 00 00 00 00
00 00 00 00 00 00 00 00 00 00 3f e7 fb fb fd fb fb fb fb fd fb 71 00 00 00 00 00 00
00 00 00 00 00 00 00 00 00 00 90 fb fb fb fd fb fb fb fb fd fb d7 00 00 00 00 00 00
00 00 00 00 00 00 00 00 00 7d fd fd fd fd ff fd fd fd fd ff fd e3 2a 00 00 00 00 00
00 00 00 00 00 00 00 00 00 fd fb fb fb fb fd fb fb fb fb fd fb fb 8e 00 00 00 00 00
00 00 00 00 00 00 00 00 1b fd fb fb eb f1 fd fb f6 89 23 62 fb fb ec 3d 00 00 00 00
00 00 00 00 00 00 00 2f d3 fd fb eb 52 67 fd fb 89 00 00 49 fb fb fb 47 00 00 00 00
00 00 00 00 00 00 1b d3 fb fd fb 56 00 00 48 47 0a 00 00 49 fb fb ad 14 00 00 00 00
00 00 00 00 00 00 59 fd fd ff fd 23 00 00 00 00 00 00 00 49 fd fd fd 48 00 00 00 00
00 00 00 00 00 54 ec fb fb fd fb 8a 00 00 00 00 00 00 00 49 fb fb fb 47 00 00 00 00
00 00 00 00 3f ec fb fb fb e3 fb f6 8a 0b 00 00 00 10 25 e4 fb f6 89 0a 00 00 00 00
00 00 00 00 49 fb fb fb ad 2a 8e 8e 8e 29 00 00 00 6d fb fd fb 89 00 00 00 00 00 00
00 00 00 00 49 fb fb ad 14 00 00 00 00 00 00 00 1b d3 fb fd 93 0a 00 00 00 00 00 00
00 00 00 00 49 fd fd 8f 00 00 00 00 00 00 15 b0 fd fd fd 00 00 00 00 00 00 00 00 00
00 00 00 00 49 fb fb cd 90 00 00 00 00 00 b0 fb fb bc 6b 00 00 00 00 00 00 00 00 00
00 00 00 00 3e ec fb fb fb da d9 d9 d9 d9 fd e6 bd 14 00 00 00 00 00 00 00 00 00 00
00 00 00 00 00 53 9e fb fb fd fb fb fb fb fd 6b 00 00 00 00 00 00 00 00 00 00 00 00
00 00 00 00 00 00 25 fb fb fd fb fb fb 7a 48 1e 00 00 00 00 00 00 00 00 00 00 00 00
00 00 00 00 00 00 00 00 00 00 00 00 00 00 00 00 00 00 00 00 00 00 00 00 00 00 00 00
00 00 00 00 00 00 00 00 00 00 00 00 00 00 00 00 00 00 00 00 00 00 00 00 00 00 00 00
00 00 00 00 00 00 00 00 00 00 00 00 00 00 00 00 00 00 00 00 00 00 00 00 00 00 00 00
