00 00 00 00 00 00 00 00 00 00 00 00 00 00 00 00 00 00 00 00 00 00 00 00 00 00 00 00
00 00 00 00 00 00 00 00 00 00 00 00 00 00 00 00 00 00 00 00 00 00 00 00 00 00 00 00
00 00 00 00 00 00 00 00 00 00 00 00 00 00 00 00 00 00 00 00 00 00 00 00 00 00 00 00
00 00 00 00 00 00 00 00 00 00 00 00 00 00 00 00 00 00 00 00 00 00 00 00 00 00 00 00
00 00 00 00 00 00 00 00 00 00 00 00 00 4d 76 76 ad ff dd 23 00 00 00 00 00 00 00 00
00 00 00 00 00 00 00 00 00 00 00 40 ea f6 fd fd fd fd fd 8e 25 00 00 00 00 00 00 00
00 00 00 00 00 00 00 00 00 00 00 b9 fd fd fb d6 b5 f3 fd fd 60 00 00 00 00 00 00 00
00 00 00 00 00 00 00 00 00 00 00 66 f3 b7 3c 1e 03 dc fd fd 60 00 00 00 00 00 00 00
00 00 00 00 00 00 00 00 00 00 00 17 42 00 00 00 21 e1 fd ce 1f 00 00 00 00 00 00 00
00 00 00 00 00 00 00 00 00 00 00 00 00 00 00 4b f8 fd fa 47 00 00 00 00 00 00 00 00
00 00 00 00 00 00 00 00 00 00 00 00 00 00 4b be fd d2 5d 00 00 00 00 00 00 00 00 00
00 00 00 00 00 00 00 00 00 00 00 00 00 1b fb fd fd 6f 00 00 00 00 00 00 00 00 00 00
00 00 00 00 00 00 00 00 00 00 00 00 5c e6 fd fd a0 04 00 00 00 00 00 00 00 00 00 00
00 00 00 00 00 00 00 00 00 00 00 13 cc fd fd fd ea 41 00 00 00 00 00 00 00 00 00 00
00 00 00 00 00 00 00 00 00 00 00 13 5e cd cd e4 fd e7 42 00 00 00 00 00 00 00 00 00
00 00 00 00 00 00 00 00 00 00 00 00 00 00 00 6f fc fd bf 00 00 00 00 00 00 00 00 00
00 00 00 00 00 00 00 00 00 00 00 00 00 00 00 00 f1 fd bf 00 00 00 00 00 00 00 00 00
00 00 00 00 00 00 00 00 00 00 00 00 00 00 04 7d f7 fd 7d 00 00 00 00 00 00 00 00 00
00 00 00 00 00 00 00 00 00 00 00 00 00 0c 68 b7 fd fd 36 00 00 00 00 00 00 00 00 00
00 00 00 00 46 53 1b 00 00 00 00 00 10 b0 fd fd fd 3e 08 00 00 00 00 00 00 00 00 00
00 00 00 18 df fd d9 76 1f 3d 3f 3f ad fd fb bf 87 08 00 00 00 00 00 00 00 00 00 00
00 00 00 1d ca fd fd fd d7 fc fd fd fd fd fa 47 00 00 00 00 00 00 00 00 00 00 00 00
00 00 00 00 1d c7 e8 f5 fd fd fd fd fd 96 5d 00 00 00 00 00 00 00 00 00 00 00 00 00
00 00 00 00 00 00 00 46 74 fa cc 99 98 29 00 00 00 00 00 00 00 00 00 00 00 00 00 00
00 00 00 00 00 00 00 00 00 00 00 00 00 00 00 00 00 00 00 00 00 00 00 00 00 00 00 00
00 00 00 00 00 00 00 00 00 00 00 00 00 00 00 00 00 00 00 00 00 00 00 00 00 00 00 00
00 00 00 00 00 00 00 00 00 00 00 00 00 00 00 00 00 00 00 00 00 00 00 00 00 00 00 00
00 00 00 00 00 00 00 00 00 00 00 00 00 00 00 00 00 00 00 00 00 00 00 00 00 00 00 00
