00 00 00 00 00 00 00 00 00 00 00 00 00 00 00 00 00 00 00 00 00 00 00 00 00 00 00 00
00 00 00 00 00 00 00 00 00 00 00 00 00 00 00 00 00 00 00 00 00 00 00 00 00 00 00 00
00 00 00 00 00 00 00 00 00 00 00 00 00 00 00 00 00 00 00 00 00 00 00 00 00 00 00 00
00 00 00 00 00 00 00 00 00 00 00 00 00 00 00 00 00 00 00 00 00 00 00 00 00 00 00 00
00 00 00 00 00 00 00 00 00 00 00 00 00 00 00 00 00 00 00 00 00 00 00 00 00 00 00 00
00 00 00 00 00 00 00 00 00 00 36 f8 30 00 00 00 00 03 9a 90 00 00 00 00 00 00 00 00
00 00 00 00 00 00 00 00 00 00 36 fe 4d 00 00 00 00 3a fe d8 00 00 00 00 00 00 00 00
00 00 00 00 00 00 00 00 00 00 7d f0 14 00 00 00 00 6b fe 91 00 00 00 00 00 00 00 00
00 00 00 00 00 00 00 00 00 00 ab eb 00 00 00 00 00 c9 fe 62 00 00 00 00 00 00 00 00
00 00 00 00 00 00 00 00 00 09 f7 eb 00 00 00 00 15 e3 c1 04 00 00 00 00 00 00 00 00
00 00 00 00 00 00 00 00 00 57 fe eb 00 00 00 00 71 fe b6 00 00 00 00 00 00 00 00 00
00 00 00 00 00 00 00 00 00 57 fe b2 00 00 00 00 8c fe 7e 00 00 00 00 00 00 00 00 00
00 00 00 00 00 00 00 00 02 ac fe 83 00 00 00 00 dc fe 50 00 00 00 00 00 00 00 00 00
00 00 00 00 00 00 00 00 5c fe d9 0d 00 00 00 19 f2 f5 00 00 00 00 00 00 00 00 00 00
00 00 00 00 00 00 00 00 af fe e8 90 90 90 90 d6 fe 99 00 00 00 00 00 00 00 00 00 00
00 00 00 00 00 00 00 00 d3 fe fe fe fe fe fe fe fe 8f 00 00 00 00 00 00 00 00 00 00
00 00 00 00 00 00 00 00 55 b1 b1 b1 b1 b1 b6 fe fe 35 00 00 00 00 00 00 00 00 00 00
00 00 00 00 00 00 00 00 00 00 00 00 00 00 0a e0 fe 35 00 00 00 00 00 00 00 00 00 00
00 00 00 00 00 00 00 00 00 00 00 00 00 00 37 fe e9 1f 00 00 00 00 00 00 00 00 00 00
00 00 00 00 00 00 00 00 00 00 00 00 00 00 8a fe 73 00 00 00 00 00 00 00 00 00 00 00
00 00 00 00 00 00 00 00 00 00 00 00 00 00 cf ff 73 00 00 00 00 00 00 00 00 00 00 00
00 00 00 00 00 00 00 00 00 00 00 00 00 14 e2 fe 28 00 00 00 00 00 00 00 00 00 00 00
00 00 00 00 00 00 00 00 00 00 00 00 00 88 fe b3 07 00 00 00 00 00 00 00 00 00 00 00
00 00 00 00 00 00 00 00 00 00 00 00 00 f1 fe 52 00 00 00 00 00 00 00 00 00 00 00 00
00 00 00 00 00 00 00 00 00 00 00 00 00 f1 f4 14 00 00 00 00 00 00 00 00 00 00 00 00
00 00 00 00 00 00 00 00 00 00 00 00 00 00 00 00 00 00 00 00 00 00 00 00 00 00 00 00
00 00 00 00 00 00 00 00 00 00 00 00 00 00 00 00 00 00 00 00 00 00 00 00 00 00 00 00
00 00 00 00 00 00 00 00 00 00 00 00 00 00 00 00 00 00 00 00 00 00 00 00 00 00 00 00
