00 00 00 00 00 00 00 00 00 00 00 00 00 00 00 00 00 00 00 00 00 00 00 00 00 00 00 00
00 00 00 00 00 00 00 00 00 00 00 00 00 00 00 00 00 00 00 00 00 00 00 00 00 00 00 00
00 00 00 00 00 00 00 00 00 00 00 00 00 00 00 00 00 00 00 00 00 00 00 00 00 00 00 00
00 00 00 00 00 00 00 00 00 00 00 00 00 00 00 00 00 00 00 00 00 00 00 00 00 00 00 00
00 00 00 00 00 00 00 00 00 00 00 00 00 00 00 00 00 00 00 00 00 00 00 00 00 00 00 00
00 00 00 00 00 00 00 00 00 00 00 00 00 00 00 00 04 19 19 19 19 19 19 02 00 00 00 00
00 00 00 00 00 00 00 00 00 00 00 00 00 00 23 04 7e fd fd fd fd fd fd a1 00 00 00 00
00 00 00 00 00 00 00 00 00 00 00 00 00 2f fa b2 fd fd fd fd fd d3 e2 fd 00 00 00 00
00 00 00 00 00 00 00 00 00 00 00 00 6c fa f6 b0 f5 a9 48 48 48 0a 1f 48 00 00 00 00
00 00 00 00 00 00 00 00 00 00 00 6e f8 fd cf 5d 33 00 00 00 00 00 00 00 00 00 00 00
00 00 00 00 00 00 00 00 00 00 46 f7 fd fd 17 00 00 00 00 00 00 00 00 00 00 00 00 00
00 00 00 00 00 00 00 00 00 1c cf fd fd 95 00 00 00 00 00 00 00 00 00 00 00 00 00 00
00 00 00 00 00 00 00 00 00 49 fd fd fd f2 69 00 00 00 00 00 00 00 00 00 00 00 00 00
00 00 00 00 00 00 00 00 00 04 34 b2 fd fd fe f2 e1 63 00 00 00 00 00 00 00 00 00 00
00 00 00 00 00 00 00 00 00 00 00 00 00 00 06 bf fa ff 8a 03 00 00 00 00 00 00 00 00
00 00 00 00 02 16 00 00 00 00 00 00 00 00 00 00 59 fd fd 48 00 00 00 00 00 00 00 00
00 00 00 00 1e f4 3c 00 00 00 00 00 00 00 00 00 25 fd fd a3 00 00 00 00 00 00 00 00
00 00 00 00 9c f2 33 00 00 00 00 00 00 00 00 1c 88 fd f2 31 00 00 00 00 00 00 00 00
00 00 00 00 fe fd bf 32 00 00 00 00 00 00 03 ab fd f2 59 00 00 00 00 00 00 00 00 00
00 00 00 00 42 de fd f2 c2 66 49 49 49 49 c6 fd f3 59 00 00 00 00 00 00 00 00 00 00
00 00 00 00 00 27 b4 fd fd fd fd fd fd fd fe f5 90 00 00 00 00 00 00 00 00 00 00 00
00 00 00 00 00 00 06 3b 9c 9c 9c 9c 9c 9c 97 20 00 00 00 00 00 00 00 00 00 00 00 00
00 00 00 00 00 00 00 00 00 00 00 00 00 00 00 00 00 00 00 00 00 00 00 00 00 00 00 00
00 00 00 00 00 00 00 00 00 00 00 00 00 00 00 00 00 00 00 00 00 00 00 00 00 00 00 00
00 00 00 00 00 00 00 00 00 00 00 00 00 00 00 00 00 00 00 00 00 00 00 00 00 00 00 00
00 00 00 00 00 00 00 00 00 00 00 00 00 00 00 00 00 00 00 00 00 00 00 00 00 00 00 00
00 00 00 00 00 00 00 00 00 00 00 00 00 00 00 00 00 00 00 00 00 00 00 00 00 00 00 00
00 00 00 00 00 00 00 00 00 00 00 00 00 00 00 00 00 00 00 00 00 00 00 00 00 00 00 00
