00 00 00 00 00 00 00 00 00 00 00 00 00 00 00 00 00 00 00 00 00 00 00 00 00 00 00 00
00 00 00 00 00 00 00 00 00 00 00 00 00 00 00 00 00 00 00 00 00 00 00 00 00 00 00 00
00 00 00 00 00 00 00 00 00 00 00 00 00 00 00 00 00 00 00 00 00 00 00 00 00 00 00 00
00 00 00 00 00 00 00 00 00 00 00 00 00 00 3f ff fd c4 00 00 00 00 00 00 00 00 00 00
00 00 00 00 00 00 00 00 00 00 00 00 00 1a f0 fd fc c3 00 00 00 00 00 00 00 00 00 00
00 00 00 00 00 00 00 00 00 00 00 00 0d 9c fc fd c9 98 00 00 00 00 00 00 00 00 00 00
00 00 00 00 00 00 00 00 00 00 00 00 49 fc fc f0 18 00 00 00 00 00 00 00 00 00 00 00
00 00 00 00 00 00 00 00 00 00 00 00 c5 fc fc 8c 00 00 00 00 00 00 00 00 00 00 00 00
00 00 00 00 00 00 00 00 00 00 00 56 fd fd be 00 00 00 00 00 00 00 00 00 00 00 00 00
00 00 00 00 00 00 00 00 00 00 00 d2 fc f2 4a 00 00 00 00 00 00 00 00 00 00 00 00 00
00 00 00 00 00 00 00 00 00 00 00 e1 fc df 00 00 00 00 00 00 00 00 00 00 00 00 00 00
00 00 00 00 00 00 00 00 00 00 4c f3 fc d0 00 00 00 17 7b a9 00 00 00 00 00 00 00 00
00 00 00 00 00 00 00 00 00 00 71 fc dc 25 00 00 7e e3 fc fc 4f 00 00 00 00 00 00 00
00 00 00 00 00 00 00 00 00 00 ff fd c4 00 3f b0 fd fd fd fd 8d 00 00 00 00 00 00 00
00 00 00 00 00 00 00 00 00 7e fd fc c3 0a b2 fd fc fc fc fc 8c 00 00 00 00 00 00 00
00 00 00 00 00 00 00 00 00 8c fd fc c3 8a fc fd e9 b0 cd fc 6e 00 00 00 00 00 00 00
00 00 00 00 00 00 00 00 00 8c fd fc ca b2 fc fd 4a 49 fc 9d 00 00 00 00 00 00 00 00
00 00 00 00 00 00 00 00 00 8c fd fc fc fc fc be 89 e3 fc 70 00 00 00 00 00 00 00 00
00 00 00 00 00 00 00 00 00 8d ff fd fd fd fd ff fd fd f0 3f 00 00 00 00 00 00 00 00
00 00 00 00 00 00 00 00 00 0f ce fc fc fc fc fd fc e9 47 00 00 00 00 00 00 00 00 00
00 00 00 00 00 00 00 00 00 00 58 f6 fc fc fc fd c9 4a 00 00 00 00 00 00 00 00 00 00
00 00 00 00 00 00 00 00 00 00 00 7a f6 fc ec 54 09 00 00 00 00 00 00 00 00 00 00 00
00 00 00 00 00 00 00 00 00 00 00 00 77 fc 70 00 00 00 00 00 00 00 00 00 00 00 00 00
00 00 00 00 00 00 00 00 00 00 00 00 00 00 00 00 00 00 00 00 00 00 00 00 00 00 00 00
00 00 00 00 00 00 00 00 00 00 00 00 00 00 00 00 00 00 00 00 00 00 00 00 00 00 00 00
00 00 00 00 00 00 00 00 00 00 00 00 00 00 00 00 00 00 00 00 00 00 00 00 00 00 00 00
00 00 00 00 00 00 00 00 00 00 00 00 00 00 00 00 00 00 00 00 00 00 00 00 00 00 00 00
00 00 00 00 00 00 00 00 00 00 00 00 00 00 00 00 00 00 00 00 00 00 00 00 00 00 00 00
