00 00 00 00 00 00 00 00 00 00 00 00 00 00 00 00 00 00 00 00 00 00 00 00 00 00 00 00
00 00 00 00 00 00 00 00 00 00 00 00 00 00 00 00 00 00 00 00 00 00 00 00 00 00 00 00
00 00 00 00 00 00 00 00 00 00 00 00 00 00 00 00 00 00 00 00 00 00 00 00 00 00 00 00
00 00 00 00 00 00 00 00 00 00 00 00 00 00 00 00 00 00 00 00 00 00 00 00 00 00 00 00
00 00 00 00 00 00 00 00 00 00 00 00 00 00 00 00 00 00 00 00 00 00 00 00 00 00 00 00
00 00 00 00 00 00 00 00 04 1d 42 8d cc fd fd fd ff fd e7 e1 e5 6e 00 00 00 00 00 00
00 00 00 00 00 00 00 65 b3 fc fc fc e4 d6 c4 91 54 54 13 00 3c 67 00 00 00 00 00 00
00 00 00 00 00 00 68 f6 fd e9 50 38 1f 13 00 00 00 00 00 00 00 00 00 00 00 00 00 00
00 00 00 00 00 65 f6 ca f1 3b 00 00 00 00 00 00 00 00 00 00 00 00 00 00 00 00 00 00
00 00 00 00 1a f4 fd 28 00 00 00 00 00 00 00 00 00 00 00 0d 29 8d 83 00 00 00 00 00
00 00 00 00 00 a9 fc d7 39 39 39 20 00 00 00 00 00 0d 39 c2 f7 79 13 00 00 00 00 00
00 00 00 00 00 3f ea fc fd fc fc e4 c6 7a 55 2f 0a ac fc 7f 32 00 00 00 00 00 00 00
00 00 00 00 00 00 3b be fd fc fc fc fd fc fc f0 e5 fc 4d 03 00 00 00 00 00 00 00 00
00 00 00 00 00 00 00 00 00 1a 19 00 0d 71 df fd fe fd fd 67 0d 00 00 00 00 00 00 00
00 00 00 00 00 00 00 00 00 00 00 00 00 3f ea e3 86 9f f0 fc 8a 00 00 00 00 00 00 00
00 00 00 00 00 00 00 00 00 00 00 00 17 ea fc 67 00 00 9f fc f7 42 00 00 00 00 00 00
00 00 00 00 00 00 00 00 00 00 00 00 80 fc d6 0f 00 00 0a b2 fd d1 19 00 00 00 00 00
00 00 00 00 00 00 00 00 00 00 00 3f fe f7 32 00 00 00 00 3f fe fd 38 00 00 00 00 00
00 00 00 00 00 00 00 00 00 00 00 8a fd ab 00 00 00 00 00 71 fd fc 38 00 00 00 00 00
00 00 00 00 00 00 00 00 00 00 00 e1 e7 13 00 00 00 00 1d d2 fd fc 38 00 00 00 00 00
00 00 00 00 00 00 00 00 00 00 00 e1 e1 00 00 00 00 1a d2 fc fd ca 06 00 00 00 00 00
00 00 00 00 00 00 00 00 00 00 00 e2 f2 42 1d 1d 68 fd fd fd ef 26 00 00 00 00 00 00
00 00 00 00 00 00 00 00 00 00 00 96 fd fc fc fc fd fc fc fc 7d 00 00 00 00 00 00 00
00 00 00 00 00 00 00 00 00 00 00 4c fd fc fc fc fd fc ba 44 00 00 00 00 00 00 00 00
00 00 00 00 00 00 00 00 00 00 00 00 28 a5 fc ca 8c 41 06 00 00 00 00 00 00 00 00 00
00 00 00 00 00 00 00 00 00 00 00 00 00 00 00 00 00 00 00 00 00 00 00 00 00 00 00 00
00 00 00 00 00 00 00 00 00 00 00 00 00 00 00 00 00 00 00 00 00 00 00 00 00 00 00 00
00 00 00 00 00 00 00 00 00 00 00 00 00 00 00 00 00 00 00 00 00 00 00 00 00 00 00 00
