00 00 00 00 00 00 00 00 00 00 00 00 00 00 00 00 00 00 00 00 00 00 00 00 00 00 00 00
00 00 00 00 00 00 00 00 00 00 00 00 00 00 00 00 00 00 00 00 00 00 00 00 00 00 00 00
00 00 00 00 00 00 00 00 00 00 00 00 00 00 00 00 00 00 00 00 00 00 00 00 00 00 00 00
00 00 00 00 00 00 00 00 00 00 00 00 00 00 00 00 00 00 00 00 00 00 00 00 00 00 00 00
00 00 00 00 00 00 00 00 00 00 00 00 00 00 00 00 00 00 00 00 00 00 00 00 00 00 00 00
00 00 00 00 00 00 00 00 00 00 00 00 00 00 00 00 00 00 00 00 00 00 00 00 00 00 00 00
00 00 00 00 00 00 00 00 00 00 17 43 e4 fe ff e2 27 00 00 00 00 00 00 00 00 00 00 00
00 00 00 00 00 00 00 00 4b 84 ac fd fd fd fd fd cb 2c 00 00 00 00 00 00 00 00 00 00
00 00 00 00 00 00 9b c6 e4 fd fd fd f6 fd fd fd fd 54 00 00 00 00 00 00 00 00 00 00
00 00 00 00 00 28 d6 fd fd fd e3 b1 2e cd fd fd fd 54 00 00 00 00 00 00 00 00 00 00
00 00 00 00 26 c7 fd fd fd 88 4b 00 00 5f fd fd fd 54 00 00 00 00 00 00 00 00 00 00
00 00 00 00 43 fd fd fd fd c9 13 13 13 6b fd fd fd 54 00 00 00 00 00 00 00 00 00 00
00 00 00 00 43 fd fd fd fd fd fd fd fd fd fd fd fd 54 00 00 00 00 00 00 00 00 00 00
00 00 00 00 1b b4 fd fd fd fd fd fd fd fd fd fd fd 54 00 00 00 00 00 00 00 00 00 00
00 00 00 00 00 13 2b e0 e0 e0 e0 e0 cb 6b f2 fd fd 54 00 00 00 00 00 00 00 00 00 00
00 00 00 00 00 00 00 00 00 00 00 00 00 00 a0 fd fd 54 00 00 00 00 00 00 00 00 00 00
00 00 00 00 00 00 00 00 00 00 00 00 00 00 a0 fd fd be 0b 00 00 00 00 00 00 00 00 00
00 00 00 00 00 00 00 00 00 00 00 00 00 00 11 c9 fd fd e4 7e 00 00 00 00 00 00 00 00
00 00 00 00 00 00 00 00 00 00 00 00 00 00 00 26 fd fd fd ba 1f 00 00 00 00 00 00 00
00 00 00 00 00 00 00 00 00 00 00 00 00 00 00 26 fd fd fd fd 4a 00 00 00 00 00 00 00
00 00 00 00 00 00 00 00 00 00 00 00 00 00 00 1f e1 fd fd fd 6c 02 00 00 00 00 00 00
00 00 00 00 00 00 00 00 00 00 00 00 00 00 00 00 3a d7 fd fd fd 5d 00 00 00 00 00 00
00 00 00 00 00 00 00 00 00 00 00 00 00 00 00 00 00 aa fd fd fd c4 00 00 00 00 00 00
00 00 00 00 00 00 00 00 00 00 00 00 00 00 00 00 00 06 ec fd fd fb 7f 00 00 00 00 00
00 00 00 00 00 00 00 00 00 00 00 00 00 00 00 00 00 00 ec fd fd fd 82 00 00 00 00 00
00 00 00 00 00 00 00 00 00 00 00 00 00 00 00 00 00 00 3c 94 fd 46 22 00 00 00 00 00
00 00 00 00 00 00 00 00 00 00 00 00 00 00 00 00 00 00 00 00 00 00 00 00 00 00 00 00
00 00 00 00 00 00 00 00 00 00 00 00 00 00 00 00 00 00 00 00 00 00 00 00 00 00 00 00
