00 00 00 00 00 00 00 00 00 00 00 00 00 00 00 00 00 00 00 00 00 00 00 00 00 00 00 00
00 00 00 00 00 00 00 00 00 00 00 00 00 00 00 00 00 00 00 00 00 00 00 00 00 00 00 00
00 00 00 00 00 00 00 00 00 00 00 00 00 00 00 00 00 00 00 00 00 00 00 00 00 00 00 00
00 00 00 00 00 00 00 00 00 00 00 00 00 00 00 00 00 00 00 00 00 00 00 00 00 00 00 00
00 00 00 00 00 00 00 00 00 00 00 00 00 00 00 00 00 00 00 00 00 00 00 00 00 00 00 00
00 00 00 00 00 00 00 00 00 00 00 00 cb fe fc fc fc d6 33 14 00 00 00 00 00 00 00 00
00 00 00 00 00 00 00 00 00 00 00 3e dd fc fa fa fa fc fa a0 14 00 00 00 00 00 00 00
00 00 00 00 00 00 00 00 00 00 3e d3 fa fc fa fa fa fc fa fa 31 00 00 00 00 00 00 00
00 00 00 00 00 00 00 00 00 29 dd fa fa fc fa fa fa fc fa 80 0a 00 00 00 00 00 00 00
00 00 00 00 00 00 00 00 00 fe fc fc fc fe fc fc fc fe fc fc 5a 00 00 00 00 00 00 00
00 00 00 00 00 00 00 00 00 96 be fa fa fc fa fa a9 ab fa fa fa 52 00 00 00 00 00 00
00 00 00 00 00 00 00 00 00 1f bf fa fa fc bd 64 14 ac fa fa fa 50 00 00 00 00 00 00
00 00 00 00 00 00 00 00 00 d5 fa fa fa d4 1d 00 00 fc fa fa fa 00 00 00 00 00 00 00
00 00 00 00 00 00 00 00 00 5c fc fc fc 00 00 00 00 33 fc fc fc cb 00 00 00 00 00 00
00 00 00 00 00 00 00 00 52 fc fa fa a9 00 00 00 00 84 fa fa fa 79 00 00 00 00 00 00
00 00 00 00 00 00 00 5c e7 fc fa 9f 14 00 00 00 00 fc fa fa fa 00 00 00 00 00 00 00
00 00 00 00 00 00 00 1e d3 fc fa dd 28 00 00 00 00 5a fa fa fa a3 00 00 00 00 00 00
00 00 00 00 00 00 00 1f d5 fe e8 50 00 00 00 00 00 5c fc fc d4 a3 00 00 00 00 00 00
00 00 00 00 00 00 00 97 fa fc 95 00 00 00 00 00 00 fc fa fa 31 00 00 00 00 00 00 00
00 00 00 00 00 00 00 3c dd fc d2 3c 00 00 00 00 00 fc fa fa 31 00 00 00 00 00 00 00
00 00 00 00 00 00 00 00 ca fc fa dd 28 00 00 7b ca fc fa fa 31 00 00 00 00 00 00 00
00 00 00 00 00 00 00 7b f3 ff fc fc fc fe fc fc fc fe fc 64 00 00 00 00 00 00 00 00
00 00 00 00 00 00 00 00 79 ab fa fa fa fc fa fa fa fc fa 64 00 00 00 00 00 00 00 00
00 00 00 00 00 00 00 00 00 14 a0 fa fa fc fa fa fa fc bd 28 00 00 00 00 00 00 00 00
00 00 00 00 00 00 00 00 00 00 14 aa fa fc fa 80 31 31 1d 00 00 00 00 00 00 00 00 00
00 00 00 00 00 00 00 00 00 00 00 00 00 00 00 00 00 00 00 00 00 00 00 00 00 00 00 00
00 00 00 00 00 00 00 00 00 00 00 00 00 00 00 00 00 00 00 00 00 00 00 00 00 00 00 00
00 00 00 00 00 00 00 00 00 00 00 00 00 00 00 00 00 00 00 00 00 00 00 00 00 00 00 00
