00 00 00 00 00 00 00 00 00 00 00 00 00 00 00 00 00 00 00 00 00 00 00 00 00 00 00 00
00 00 00 00 00 00 00 00 00 00 00 00 00 00 00 00 00 00 00 00 00 00 00 00 00 00 00 00
00 00 00 00 00 00 00 00 00 00 00 00 00 00 00 00 00 00 00 00 00 00 00 00 00 00 00 00
00 00 00 00 00 00 00 00 00 00 00 00 00 00 00 00 00 00 00 00 00 00 00 00 00 00 00 00
00 00 00 00 00 00 00 00 00 00 00 00 00 00 00 00 00 00 00 00 00 00 00 00 00 00 00 00
00 00 00 00 00 00 00 00 00 00 00 00 00 00 00 00 00 00 00 00 00 00 00 00 00 00 00 00
00 00 00 00 00 00 00 00 00 00 00 00 00 2d 19 39 20 00 00 00 00 00 00 00 00 00 00 00
00 00 00 00 00 00 00 00 00 13 6b aa a9 ea cd fc d8 a9 3b 0a 00 00 00 00 00 00 00 00
00 00 00 00 00 00 00 30 8c d7 fc fd fc fc fc fc fd fc fc a1 00 00 00 00 00 00 00 00
00 00 00 00 00 00 ff fd fd fd fd ff fd fd fd fd ff fd fd e1 00 00 00 00 00 00 00 00
00 00 00 00 00 00 fd fc ba a7 a7 a8 a7 a7 e0 fc fd fc e9 94 00 00 00 00 00 00 00 00
00 00 00 00 00 00 38 37 0c 00 00 00 00 4c ea fc fd fc a4 00 00 00 00 00 00 00 00 00
00 00 00 00 00 00 00 00 00 00 00 00 97 ea fc fc fd b3 13 00 00 00 00 00 00 00 00 00
00 00 00 00 00 00 00 00 00 00 00 8d f0 fc fc fc 70 0c 00 00 00 00 00 00 00 00 00 00
00 00 00 00 00 00 00 00 00 5c fd ff fd e4 7e 00 00 00 00 00 00 00 00 00 00 00 00 00
00 00 00 00 00 00 00 00 62 f3 fc fd 81 15 00 00 00 00 00 00 00 00 00 00 00 00 00 00
00 00 00 00 00 00 00 62 f0 fc dc 38 06 00 00 00 00 00 00 26 39 39 b6 c5 c5 c5 00 00
00 00 00 00 00 00 5c f3 fc d9 35 1d 1d 1d 1d 1d 5c a9 a9 e0 fc fd fc fc fc ec 00 00
00 00 00 00 00 00 fd fc fc b1 cb fd fc fc fc fc fd fc fc fc fc fd fc dc 70 32 00 00
00 00 00 00 00 00 ff fd fd fd fd ff fd fd fd fd ff fd fd fd be 8d 0f 00 00 00 00 00
00 00 00 00 00 00 a8 a7 ba fc fc fd b0 a7 a7 a7 6a 1b 1b 1b 0c 00 00 00 00 00 00 00
00 00 00 00 00 00 00 00 0d 37 37 38 06 00 00 00 00 00 00 00 00 00 00 00 00 00 00 00
00 00 00 00 00 00 00 00 00 00 00 00 00 00 00 00 00 00 00 00 00 00 00 00 00 00 00 00
00 00 00 00 00 00 00 00 00 00 00 00 00 00 00 00 00 00 00 00 00 00 00 00 00 00 00 00
00 00 00 00 00 00 00 00 00 00 00 00 00 00 00 00 00 00 00 00 00 00 00 00 00 00 00 00
00 00 00 00 00 00 00 00 00 00 00 00 00 00 00 00 00 00 00 00 00 00 00 00 00 00 00 00
00 00 00 00 00 00 00 00 00 00 00 00 00 00 00 00 00 00 00 00 00 00 00 00 00 00 00 00
00 00 00 00 00 00 00 00 00 00 00 00 00 00 00 00 00 00 00 00 00 00 00 00 00 00 00 00
