00 00 00 00 00 00 00 00 00 00 00 00 00 00 00 00 00 00 00 00 00 00 00 00 00 00 00 00
00 00 00 00 00 00 00 00 00 00 00 00 00 00 00 00 00 00 00 00 00 00 00 00 00 00 00 00
00 00 00 00 00 00 00 00 00 00 00 00 00 00 00 00 00 00 00 00 00 00 00 00 00 00 00 00
00 00 00 00 00 00 00 00 00 00 00 00 00 00 00 00 00 00 00 00 00 00 00 00 00 00 00 00
00 00 00 00 00 00 00 00 00 00 00 00 00 00 00 00 00 00 00 00 00 00 00 00 00 00 00 00
00 00 00 00 00 00 00 00 31 7d a8 fe fe fe fe a0 26 00 00 00 00 00 00 00 00 00 00 00
00 00 00 00 00 00 00 a3 fa fd fd fd fd fd fd fd cd 00 00 00 00 00 00 00 00 00 00 00
00 00 00 00 00 00 6a fc fd fd fd fd fd fd fd fd fb 50 00 00 00 00 00 00 00 00 00 00
00 00 00 00 00 00 42 f6 fd fd da 95 95 b0 fd fd fd cd 00 00 00 00 00 00 00 00 00 00
00 00 00 00 00 00 00 90 9b 2a 11 00 00 74 fd fd eb 41 00 00 00 00 00 00 00 00 00 00
00 00 00 00 00 00 00 00 00 00 00 00 b1 f6 fd fd cf 00 00 00 00 00 00 00 00 00 00 00
00 00 00 00 00 00 00 00 00 00 49 d7 f6 fd fd fd 61 00 00 00 00 00 00 00 00 00 00 00
00 00 00 00 00 00 00 00 00 00 c0 fd fd fd fd fd c7 1a 00 00 00 00 00 00 00 00 00 00
00 00 00 00 00 00 00 00 00 00 d7 fd fd fd fd fd fd db 6e 00 00 00 00 00 00 00 00 00
00 00 00 00 00 00 00 00 00 00 73 fd fd fd fd fd fd fd f6 af 00 00 00 00 00 00 00 00
00 00 00 00 00 00 00 00 00 00 16 41 41 41 5f c2 eb fd fd f7 6c 00 00 00 00 00 00 00
00 00 00 00 00 00 00 00 00 00 00 00 00 00 00 00 32 a6 fd fd ea 00 00 00 00 00 00 00
00 00 00 00 00 00 00 00 00 00 00 00 00 00 00 00 00 0c be fd f7 4d 00 00 00 00 00 00
00 00 00 00 00 00 00 00 00 00 00 00 00 00 00 00 00 00 a3 fd fd 6e 00 00 00 00 00 00
00 00 00 00 00 00 00 00 00 00 00 00 00 00 00 00 00 06 af fd fd 6e 00 00 00 00 00 00
00 00 00 00 00 00 00 00 18 1b 12 00 00 00 00 00 05 80 fd fd fb 63 00 00 00 00 00 00
00 00 00 00 00 00 00 00 e4 fd db 96 96 32 14 2f a9 fd fd fd df 00 00 00 00 00 00 00
00 00 00 00 00 00 00 00 de fd fd fd fd fd fd fd fd fd fd e8 2d 00 00 00 00 00 00 00
00 00 00 00 00 00 00 00 2d 75 e3 f9 fd fd fd fd fd fc a2 2d 00 00 00 00 00 00 00 00
00 00 00 00 00 00 00 00 00 00 00 27 9f fd fd fd e6 68 00 00 00 00 00 00 00 00 00 00
00 00 00 00 00 00 00 00 00 00 00 00 00 00 00 00 00 00 00 00 00 00 00 00 00 00 00 00
00 00 00 00 00 00 00 00 00 00 00 00 00 00 00 00 00 00 00 00 00 00 00 00 00 00 00 00
00 00 00 00 00 00 00 00 00 00 00 00 00 00 00 00 00 00 00 00 00 00 00 00 00 00 00 00
