00 00 00 00 00 00 00 00 00 00 00 00 00 00 00 00 00 00 00 00 00 00 00 00 00 00 00 00
00 00 00 00 00 00 00 00 00 00 00 00 00 00 00 00 00 00 00 00 00 00 00 00 00 00 00 00
00 00 00 00 00 00 00 00 00 00 00 00 00 00 00 00 00 00 00 00 00 00 00 00 00 00 00 00
00 00 00 00 00 00 00 00 00 00 00 00 00 00 00 00 00 00 00 00 00 00 00 00 00 00 00 00
00 00 00 00 00 00 00 00 00 00 00 00 00 00 00 00 00 00 00 00 00 00 00 00 00 00 00 00
00 00 00 00 00 00 00 00 00 00 00 00 00 00 00 00 00 00 00 00 00 00 00 00 00 00 00 00
00 00 00 00 00 00 00 00 00 00 00 c7 c2 00 00 00 00 00 00 12 6a 8f 0c 00 00 00 00 00
00 00 00 00 00 00 00 00 00 00 27 ec a4 00 00 00 00 00 00 84 fc a2 07 00 00 00 00 00
00 00 00 00 00 00 00 00 00 00 92 fc 28 00 00 00 00 00 28 e3 ce 0a 00 00 00 00 00 00
00 00 00 00 00 00 00 00 00 16 d3 a7 01 00 00 00 00 00 9d fc 8b 00 00 00 00 00 00 00
00 00 00 00 00 00 00 00 00 9c f0 51 00 00 00 00 00 00 d1 ee 1f 00 00 00 00 00 00 00
00 00 00 00 00 00 00 00 23 f6 9f 00 00 00 00 00 00 35 f3 c0 00 00 00 00 00 00 00 00
00 00 00 00 00 00 00 00 69 fc 58 00 00 00 00 00 02 aa fc 74 00 00 00 00 00 00 00 00
00 00 00 00 00 00 00 29 ec f8 48 00 00 00 00 00 22 fc c0 04 00 00 00 1b 0c 00 00 00
00 00 00 00 00 00 00 43 fc ed 1b 00 00 00 00 00 43 fc 48 00 11 4e 7f 53 11 00 00 00
00 00 00 00 00 00 00 43 fc fc 9f 18 00 00 00 00 8f fc 86 a8 e3 a6 28 00 00 00 00 00
00 00 00 00 00 00 00 00 2c db fd fd c8 8f 8f bf ff f5 dc a2 27 00 00 00 00 00 00 00
00 00 00 00 00 00 00 00 00 07 4d 4d 81 ba ba f4 fd 6e 00 00 00 00 00 00 00 00 00 00
00 00 00 00 00 00 00 00 00 00 00 00 00 00 00 dc f0 2f 00 00 00 00 00 00 00 00 00 00
00 00 00 00 00 00 00 00 00 00 00 00 00 00 54 fb d3 00 00 00 00 00 00 00 00 00 00 00
00 00 00 00 00 00 00 00 00 00 00 00 00 00 bb fc 6f 00 00 00 00 00 00 00 00 00 00 00
00 00 00 00 00 00 00 00 00 00 00 00 00 00 bb fc 18 00 00 00 00 00 00 00 00 00 00 00
00 00 00 00 00 00 00 00 00 00 00 00 00 00 bb c7 00 00 00 00 00 00 00 00 00 00 00 00
00 00 00 00 00 00 00 00 00 00 00 00 00 00 bb 8e 00 00 00 00 00 00 00 00 00 00 00 00
00 00 00 00 00 00 00 00 00 00 00 00 00 00 bb 8e 00 00 00 00 00 00 00 00 00 00 00 00
00 00 00 00 00 00 00 00 00 00 00 00 00 00 99 21 00 00 00 00 00 00 00 00 00 00 00 00
00 00 00 00 00 00 00 00 00 00 00 00 00 00 00 00 00 00 00 00 00 00 00 00 00 00 00 00
00 00 00 00 00 00 00 00 00 00 00 00 00 00 00 00 00 00 00 00 00 00 00 00 00 00 00 00
