00 00 00 00 00 00 00 00 00 00 00 00 00 00 00 00 00 00 00 00 00 00 00 00 00 00 00 00
00 00 00 00 00 00 00 00 00 00 00 00 00 00 00 00 00 00 00 00 00 00 00 00 00 00 00 00
00 00 00 00 00 00 00 00 00 00 00 00 00 00 00 00 34 f1 fe db 20 00 00 00 00 00 00 00
00 00 00 00 00 00 00 00 00 00 00 00 00 00 00 74 f6 fd fd e1 26 00 00 00 00 00 00 00
00 00 00 00 00 00 00 00 00 00 00 00 00 05 a4 f1 fd fd 83 13 00 00 00 00 00 00 00 00
00 00 00 00 00 00 00 00 00 00 00 00 00 39 fd fe db 35 06 00 00 00 00 00 00 00 00 00
00 00 00 00 00 00 00 00 00 00 00 00 39 e7 fd df 25 00 00 00 00 00 00 00 00 00 00 00
00 00 00 00 00 00 00 00 00 00 00 09 b4 fd fd 6a 00 00 00 00 00 00 00 00 00 00 00 00
00 00 00 00 00 00 00 00 00 00 00 29 fd fb 8e 00 00 00 00 00 00 00 00 00 00 00 00 00
00 00 00 00 00 00 00 00 00 00 06 85 fd e2 00 00 00 00 00 00 00 00 00 00 00 00 00 00
00 00 00 00 00 00 00 00 00 00 3d fd fc 65 00 00 00 00 00 00 00 00 00 00 00 00 00 00
00 00 00 00 00 00 00 00 00 00 bb fd 9b 00 00 00 00 00 00 00 00 00 00 00 00 00 00 00
00 00 00 00 00 00 00 00 00 83 fe fe 5e 00 00 00 00 00 40 00 00 00 00 00 00 00 00 00
00 00 00 00 00 00 00 00 00 c9 fd d7 05 00 00 00 00 d9 f7 f1 d5 22 00 00 00 00 00 00
00 00 00 00 00 00 00 00 1e dc e9 40 00 00 00 2d dd fb fd fd fd 80 00 00 00 00 00 00
00 00 00 00 00 00 00 00 7c fd c7 00 00 00 00 a3 fd fd e4 ed fd aa 00 00 00 00 00 00
00 00 00 00 00 00 00 00 d6 fd c7 00 00 0b c9 fe fd 8f 64 f2 fd 50 00 00 00 00 00 00
00 00 00 00 00 00 00 00 d6 fd c7 00 00 0e fd fe e6 28 bc fd 73 15 00 00 00 00 00 00
00 00 00 00 00 00 00 00 c1 fd d0 22 00 0e fd ff 5d be fd ba 15 00 00 00 00 00 00 00
00 00 00 00 00 00 00 00 49 f8 fd ee a1 a5 fd ff fd f3 b8 14 00 00 00 00 00 00 00 00
00 00 00 00 00 00 00 00 00 c9 fd fd fd fd fd ff fd 52 00 00 00 00 00 00 00 00 00 00
00 00 00 00 00 00 00 00 00 5f da fd fd fd fd 79 78 0d 00 00 00 00 00 00 00 00 00 00
00 00 00 00 00 00 00 00 00 00 00 00 00 00 00 00 00 00 00 00 00 00 00 00 00 00 00 00
00 00 00 00 00 00 00 00 00 00 00 00 00 00 00 00 00 00 00 00 00 00 00 00 00 00 00 00
00 00 00 00 00 00 00 00 00 00 00 00 00 00 00 00 00 00 00 00 00 00 00 00 00 00 00 00
00 00 00 00 00 00 00 00 00 00 00 00 00 00 00 00 00 00 00 00 00 00 00 00 00 00 00 00
00 00 00 00 00 00 00 00 00 00 00 00 00 00 00 00 00 00 00 00 00 00 00 00 00 00 00 00
00 00 00 00 00 00 00 00 00 00 00 00 00 00 00 00 00 00 00 00 00 00 00 00 00 00 00 00
