00 00 00 00 00 00 00 00 00 00 00 00 00 00 00 00 00 00 00 00 00 00 00 00 00 00 00 00
00 00 00 00 00 00 00 00 00 00 00 00 00 00 00 00 00 00 00 00 00 00 00 00 00 00 00 00
00 00 00 00 00 00 00 00 00 00 00 00 00 00 00 00 00 00 00 00 00 00 00 00 00 00 00 00
00 00 00 00 00 00 00 00 00 00 00 00 00 00 00 00 00 00 00 00 00 00 00 00 00 00 00 00
00 00 00 00 00 00 00 00 00 00 00 00 00 00 00 00 00 00 00 00 00 00 00 00 00 00 00 00
00 00 00 00 00 00 00 00 00 00 00 00 00 00 00 00 00 00 00 00 00 00 00 00 00 00 00 00
00 00 00 00 00 00 00 00 00 00 00 00 00 00 00 00 00 00 00 00 00 00 00 00 00 00 00 00
00 00 00 00 00 00 00 00 00 00 00 00 00 00 00 00 00 00 00 00 00 00 00 00 00 00 00 00
00 00 00 0d 18 11 13 0d 00 00 00 00 00 00 00 00 09 0d 18 2d 8a 8a 0d 00 00 00 00 00
00 00 00 9f fc e3 ec d3 a2 a1 a1 6d a1 97 78 a1 c2 d3 fd fc fc fc 60 00 00 00 00 00
00 00 00 fd fc fc fc fc fd fc fc fc fc fd fc fc fc fc fd fc fc fc a8 00 00 00 00 00
00 00 00 fd fc fc fc fc fd fc fc fc fc fd fc fc fc fc fd fc fc fc 9d 00 00 00 00 00
00 00 00 94 fc fc fc fc fd fc fc fc fc fd fc fc fc fc fd fc fc fc 89 00 00 00 00 00
00 00 00 00 4a 74 3f a8 e7 e6 e6 b2 e6 b3 e6 c7 e5 fd ff fd fd f5 49 00 00 00 00 00
00 00 00 00 00 00 00 00 00 00 00 00 00 00 00 0d d7 fc fd fc fc 57 00 00 00 00 00 00
00 00 00 00 00 00 00 00 00 00 00 00 00 00 00 46 fc fc fd fc aa 0d 00 00 00 00 00 00
00 00 00 00 00 00 00 00 00 00 00 00 00 00 11 bc fc fc fd eb 2c 00 00 00 00 00 00 00
00 00 00 00 00 00 00 00 00 00 00 00 00 00 63 fc fc fc be 71 00 00 00 00 00 00 00 00
00 00 00 00 00 00 00 00 00 00 00 00 00 00 6e fd fd fd e7 00 00 00 00 00 00 00 00 00
00 00 00 00 00 00 00 00 00 00 00 00 00 24 db fc fc fc e6 00 00 00 00 00 00 00 00 00
00 00 00 00 00 00 00 00 00 00 00 00 00 8a fc fc fc dd 3f 00 00 00 00 00 00 00 00 00
00 00 00 00 00 00 00 00 00 00 00 00 00 8a fc fc fc 89 00 00 00 00 00 00 00 00 00 00
00 00 00 00 00 00 00 00 00 00 00 00 00 8a fc fc fc 89 00 00 00 00 00 00 00 00 00 00
00 00 00 00 00 00 00 00 00 00 00 00 00 8b fd fd fd 89 00 00 00 00 00 00 00 00 00 00
00 00 00 00 00 00 00 00 00 00 00 00 00 d4 fc fc fc 89 00 00 00 00 00 00 00 00 00 00
00 00 00 00 00 00 00 00 00 00 00 00 00 a9 fc fc c3 30 00 00 00 00 00 00 00 00 00 00
00 00 00 00 00 00 00 00 00 00 00 00 00 58 ca 80 09 00 00 00 00 00 00 00 00 00 00 00
00 00 00 00 00 00 00 00 00 00 00 00 00 00 0b 00 00 00 00 00 00 00 00 00 00 00 00 00
