00 00 00 00 00 00 00 00 00 00 00 00 00 00 00 00 00 00 00 00 00 00 00 00 00 00 00 00
00 00 00 00 00 00 00 00 00 00 00 00 00 00 00 00 00 00 00 00 00 00 00 00 00 00 00 00
00 00 00 00 00 00 00 00 00 00 00 00 00 00 00 00 00 00 00 00 00 00 00 00 00 00 00 00
00 00 00 00 00 00 00 00 00 00 00 00 00 00 00 00 00 00 00 00 00 00 00 00 00 00 00 00
00 00 00 00 00 00 00 00 00 00 00 00 00 00 00 00 00 00 00 00 00 00 00 00 00 00 00 00
00 00 00 00 00 00 00 00 00 00 00 00 00 00 00 00 00 00 00 00 00 00 00 00 00 00 00 00
00 00 00 00 00 00 00 00 00 00 1f b3 fe ff ed 73 03 00 00 00 00 00 00 00 00 00 00 00
00 00 00 00 00 00 00 00 00 5e ea fd fd fd fd fd bc 1b 00 00 00 00 00 00 00 00 00 00
00 00 00 00 00 00 00 00 47 f9 fd dd 32 0a 80 f5 fd 8c 04 00 00 00 00 00 00 00 00 00
00 00 00 00 00 00 00 09 ae fd ad 0b 00 00 00 57 f9 fd 3c 00 00 00 00 00 00 00 00 00
00 00 00 00 00 00 00 50 fd ef 07 00 00 00 00 00 ef fd 81 00 00 00 00 00 00 00 00 00
00 00 00 00 00 00 00 82 fd a5 00 00 00 00 00 5c f9 fd 81 00 00 00 00 00 00 00 00 00
00 00 00 00 00 00 00 82 fd 8c 00 00 00 07 87 f6 fd fd 81 00 00 00 00 00 00 00 00 00
00 00 00 00 00 00 00 3e fd f2 16 00 00 63 fd fd fd fd 3d 00 00 00 00 00 00 00 00 00
00 00 00 00 00 00 00 05 90 fd e3 52 46 d0 fd fc fd fd 19 00 00 00 00 00 00 00 00 00
00 00 00 00 00 00 00 00 1d c0 fd fd fd fd a9 80 fd fd 19 00 00 00 00 00 00 00 00 00
00 00 00 00 00 00 00 00 00 04 33 8c c1 73 01 80 fd fd 19 00 00 00 00 00 00 00 00 00
00 00 00 00 00 00 00 00 00 00 00 01 02 00 00 84 fd fd 19 00 00 00 00 00 00 00 00 00
00 00 00 00 00 00 00 00 00 00 00 00 00 00 00 59 fd fd 19 00 00 00 00 00 00 00 00 00
00 00 00 00 00 00 00 00 00 00 00 00 00 00 00 59 fd fd 19 00 00 00 00 00 00 00 00 00
00 00 00 00 00 00 00 00 00 00 00 00 00 00 00 59 fd fd 19 00 00 00 00 00 00 00 00 00
00 00 00 00 00 00 00 00 00 00 00 00 00 00 00 59 fd fd 19 00 00 00 00 00 00 00 00 00
00 00 00 00 00 00 00 00 00 00 00 00 00 00 00 59 fd fd 60 00 00 00 00 00 00 00 00 00
00 00 00 00 00 00 00 00 00 00 00 00 00 00 00 59 fd fd 81 00 00 00 00 00 00 00 00 00
00 00 00 00 00 00 00 00 00 00 00 00 00 00 00 21 f4 fd 81 00 00 00 00 00 00 00 00 00
00 00 00 00 00 00 00 00 00 00 00 00 00 00 00 00 9a fd 57 00 00 00 00 00 00 00 00 00
00 00 00 00 00 00 00 00 00 00 00 00 00 00 00 00 00 00 00 00 00 00 00 00 00 00 00 00
00 00 00 00 00 00 00 00 00 00 00 00 00 00 00 00 00 00 00 00 00 00 00 00 00 00 00 00
