00 00 00 00 00 00 00 00 00 00 00 00 00 00 00 00 00 00 00 00 00 00 00 00 00 00 00 00
00 00 00 00 00 00 00 00 00 00 00 00 00 00 00 00 00 00 00 00 00 00 00 00 00 00 00 00
00 00 00 00 00 00 00 00 00 00 00 00 00 00 00 00 00 00 00 00 00 00 00 00 00 00 00 00
00 00 00 00 00 00 00 00 00 00 00 00 00 00 00 00 00 00 00 00 00 00 00 00 00 00 00 00
00 00 00 00 00 00 00 00 00 00 00 00 00 00 00 00 00 00 00 00 00 00 00 00 00 00 00 00
00 00 00 00 00 00 00 00 00 00 00 00 00 00 00 0d 06 00 00 00 00 00 00 00 00 00 00 00
00 00 00 00 00 00 00 00 00 00 00 00 0a 4d 91 fd be 43 00 00 00 00 00 00 00 00 00 00
00 00 00 00 00 00 00 00 00 00 0b 4d c1 fc fc fd fc ee 9d 47 1a 00 00 00 00 00 00 00
00 00 00 00 00 00 00 00 0a 4e c1 fc fc fc fc fd fc fc fc fc e4 80 31 05 00 00 00 00
00 00 00 00 00 00 06 4e c2 fc fc fc fc fc fc fd d9 c0 e8 fc fc fc fc 87 03 00 00 00
00 00 00 00 00 04 93 fc fc fc fc fc fc fc fc af 1a 00 28 91 eb fc fc fc 68 00 00 00
00 00 00 00 00 d0 fc fc fc fc fc fc 85 30 30 00 00 00 00 00 47 ec fc fc e6 00 00 00
00 00 00 00 00 fd b9 aa fc fc fc ad 16 00 00 00 00 00 00 00 00 66 fc fc fc 00 00 00
00 00 00 00 00 18 8d f3 fc fc ba 05 00 00 00 00 00 00 00 00 00 08 dc fc fc 00 00 00
00 00 00 00 00 46 f7 fc fc a5 25 00 00 00 00 00 00 00 00 00 00 51 fb fc c2 00 00 00
00 00 00 00 00 ff fd fd fb 45 00 00 00 00 00 00 00 00 00 00 27 e7 fd fd 7f 00 00 00
00 00 00 00 00 fd fc f9 7f 00 00 00 00 00 00 00 00 00 00 06 93 fc fc be 05 00 00 00
00 00 00 00 00 fd fc d8 00 00 00 00 00 00 00 00 00 00 07 91 fc fc fc 45 00 00 00 00
00 00 00 00 00 fd fc df 10 00 00 00 00 00 00 00 00 19 b9 fc fc fc 6b 08 00 00 00 00
00 00 00 00 00 a7 fc fc b5 12 00 00 00 00 00 00 69 bf fc fc eb 97 0a 00 00 00 00 00
00 00 00 00 00 25 dd fc fc d2 c1 60 49 82 bc c2 e3 fc fc eb 80 00 00 00 00 00 00 00
00 00 00 00 00 00 61 dc fc fc fc fc fc fc fc fd fc fc ec 46 00 00 00 00 00 00 00 00
00 00 00 00 00 00 00 28 ae fc fc fc fc fc fc fd c5 8a 1d 00 00 00 00 00 00 00 00 00
00 00 00 00 00 00 00 00 05 17 74 8f 8f 8f 8f 18 0a 00 00 00 00 00 00 00 00 00 00 00
00 00 00 00 00 00 00 00 00 00 00 00 00 00 00 00 00 00 00 00 00 00 00 00 00 00 00 00
00 00 00 00 00 00 00 00 00 00 00 00 00 00 00 00 00 00 00 00 00 00 00 00 00 00 00 00
00 00 00 00 00 00 00 00 00 00 00 00 00 00 00 00 00 00 00 00 00 00 00 00 00 00 00 00
00 00 00 00 00 00 00 00 00 00 00 00 00 00 00 00 00 00 00 00 00 00 00 00 00 00 00 00
