00 00 00 00 00 00 00 00 00 00 00 00 00 00 00 00 00 00 00 00 00 00 00 00 00 00 00 00
00 00 00 00 00 00 00 00 00 00 00 00 00 00 00 00 00 00 00 00 00 00 00 00 00 00 00 00
00 00 00 00 00 00 00 00 00 00 00 00 00 00 00 00 00 00 00 00 00 00 00 00 00 00 00 00
00 00 00 00 00 00 00 00 00 00 00 00 00 00 00 59 80 fd ff ce 19 00 00 00 00 00 00 00
00 00 00 00 00 00 00 00 00 00 00 00 00 26 83 f6 fc fc fd fc c7 1c 00 00 00 00 00 00
00 00 00 00 00 00 00 00 00 00 00 07 39 de fc fc d6 c3 de fc fc 54 00 00 00 00 00 00
00 00 00 00 00 00 00 00 00 00 00 1d fc fd e2 72 1c 00 71 fc fc 54 00 00 00 00 00 00
00 00 00 00 00 00 00 00 00 00 00 0d 70 70 0c 00 00 00 71 fc fc 54 00 00 00 00 00 00
00 00 00 00 00 00 00 00 00 00 00 00 00 00 00 00 00 00 72 fd fd 54 00 00 00 00 00 00
00 00 00 00 00 00 00 00 00 00 00 00 00 00 00 00 00 00 ee fc fc 54 00 00 00 00 00 00
00 00 00 00 00 00 00 00 00 00 00 00 00 00 00 00 07 87 fd fc d0 13 00 00 00 00 00 00
00 00 00 00 00 00 00 00 00 00 00 00 00 00 00 00 2c fc fd fc 66 00 00 00 00 00 00 00
00 00 00 00 00 00 00 00 00 00 00 00 00 00 00 00 a9 fc fd cc 19 00 00 00 00 00 00 00
00 00 00 00 00 00 00 00 00 00 00 00 00 00 00 78 fd fd ff 6a 00 00 00 00 00 00 00 00
00 00 00 00 00 00 00 00 00 4c 55 55 55 a3 55 d7 fc fc 98 03 00 00 00 00 00 00 00 00
00 00 00 00 00 00 07 87 c6 f6 fc fc fc fd fc fc fc fc 1f 00 00 00 00 00 00 00 00 00
00 00 00 00 00 17 83 fc fd e2 df e3 fc fd fc fc fc fc 10 00 00 00 00 00 00 00 00 00
00 00 00 00 00 c5 fc fc be 0c 00 1d fc fd fc fc fc fc 8c 00 00 00 00 00 00 00 00 00
00 00 00 00 00 c6 fd be 00 00 59 cf fd ff fd be fd fd ff 1b 00 00 00 00 00 00 00 00
00 00 00 00 4c f6 e2 0c 55 d2 f6 fc fc d7 2a 0c 34 fc fd 1b 00 00 00 00 00 00 00 00
00 00 00 00 55 fc f6 c5 fd fc fc f5 c3 1f 00 00 07 37 38 06 00 00 00 00 00 00 00 00
00 00 00 00 55 fc fc fc fd fc c6 4a 00 00 00 00 00 00 00 00 00 00 00 00 00 00 00 00
00 00 00 00 26 70 cd fc be 70 19 00 00 00 00 00 00 00 00 00 00 00 00 00 00 00 00 00
00 00 00 00 00 00 00 00 00 00 00 00 00 00 00 00 00 00 00 00 00 00 00 00 00 00 00 00
00 00 00 00 00 00 00 00 00 00 00 00 00 00 00 00 00 00 00 00 00 00 00 00 00 00 00 00
00 00 00 00 00 00 00 00 00 00 00 00 00 00 00 00 00 00 00 00 00 00 00 00 00 00 00 00
00 00 00 00 00 00 00 00 00 00 00 00 00 00 00 00 00 00 00 00 00 00 00 00 00 00 00 00
00 00 00 00 00 00 00 00 00 00 00 00 00 00 00 00 00 00 00 00 00 00 00 00 00 00 00 00
