00 00 00 00 00 00 00 00 00 00 00 00 00 00 00 00 00 00 00 00 00 00 00 00 00 00 00 00
00 00 00 00 00 00 00 00 00 00 00 00 00 00 00 00 00 00 00 00 00 00 00 00 00 00 00 00
00 00 00 00 00 00 00 00 00 00 00 00 00 00 00 00 00 00 00 00 00 00 00 00 00 00 00 00
00 00 00 00 00 00 00 00 00 00 00 00 00 00 00 00 00 00 00 00 00 00 00 00 00 00 00 00
00 00 00 00 00 00 00 00 00 00 00 00 00 00 00 43 76 f8 ff 92 23 00 00 00 00 00 00 00
00 00 00 00 00 00 00 00 00 00 00 57 85 ea db 70 fd fd fd fd e0 34 00 00 00 00 00 00
00 00 00 00 00 00 00 00 00 00 21 eb fd fd fd d2 b1 b1 ca fd ea 34 00 00 00 00 00 00
00 00 00 00 00 00 00 00 00 00 1b 9e fd d5 6d 1b 00 00 71 fd ea 34 00 00 00 00 00 00
00 00 00 00 00 00 00 00 00 00 00 49 52 16 00 00 00 21 e1 fd ea 34 00 00 00 00 00 00
00 00 00 00 00 00 00 00 00 00 00 00 00 00 00 01 0e f1 fd fa c8 00 00 00 00 00 00 00
00 00 00 00 00 00 00 00 00 00 00 00 00 00 00 04 ba fd fd bf 00 00 00 00 00 00 00 00
00 00 00 00 00 00 00 00 00 00 00 00 00 00 0c bc fa fd ac 05 00 00 00 00 00 00 00 00
00 00 00 00 00 00 00 00 00 00 00 00 00 a6 e6 fd fd c5 4f 00 00 00 00 00 00 00 00 00
00 00 00 00 00 00 00 00 00 00 00 00 26 de fd fd fd fd c1 0f 00 00 00 00 00 00 00 00
00 00 00 00 00 00 00 00 00 00 00 00 00 96 cd 82 cd fb d0 33 00 00 00 00 00 00 00 00
00 00 00 00 00 00 00 00 00 00 00 00 00 00 00 00 44 f7 fd 75 00 00 00 00 00 00 00 00
00 00 00 00 00 00 00 00 00 00 00 00 00 00 00 04 8d f8 fd 75 00 00 00 00 00 00 00 00
00 00 00 00 00 00 00 00 00 00 00 00 00 00 00 47 bb fd d5 62 00 00 00 00 00 00 00 00
00 00 00 00 28 db 3a 00 00 00 00 00 00 00 44 bd fd d3 66 00 00 00 00 00 00 00 00 00
00 00 00 00 61 fd c6 1b 00 00 00 00 00 10 78 fd fd ce 12 00 00 00 00 00 00 00 00 00
00 00 00 00 2d e7 fd d9 76 1f 00 00 33 63 fd fd df 72 00 00 00 00 00 00 00 00 00 00
00 00 00 00 1d 80 fd fd fd d7 b3 b3 ef fd fd e6 6d 00 00 00 00 00 00 00 00 00 00 00
00 00 00 00 00 1d 81 fd fd fd fd fd fd f9 d9 29 00 00 00 00 00 00 00 00 00 00 00 00
00 00 00 00 00 00 1a 74 c6 b6 be ef fd 82 00 00 00 00 00 00 00 00 00 00 00 00 00 00
00 00 00 00 00 00 00 00 00 00 00 00 00 00 00 00 00 00 00 00 00 00 00 00 00 00 00 00
00 00 00 00 00 00 00 00 00 00 00 00 00 00 00 00 00 00 00 00 00 00 00 00 00 00 00 00
00 00 00 00 00 00 00 00 00 00 00 00 00 00 00 00 00 00 00 00 00 00 00 00 00 00 00 00
00 00 00 00 00 00 00 00 00 00 00 00 00 00 00 00 00 00 00 00 00 00 00 00 00 00 00 00
