00 00 00 00 00 00 00 00 00 00 00 00 00 00 00 00 00 00 00 00 00 00 00 00 00 00 00 00
00 00 00 00 00 00 00 00 00 00 00 00 00 00 00 00 00 00 00 00 00 00 00 00 00 00 00 00
00 00 00 00 00 00 00 00 00 00 00 00 00 00 00 00 00 00 00 00 00 00 00 00 00 00 00 00
00 00 00 00 00 00 00 00 00 00 00 00 00 00 00 00 00 00 00 00 00 00 00 00 00 00 00 00
00 00 00 00 00 00 00 00 00 00 00 00 00 00 00 00 00 00 00 00 00 00 00 00 00 00 00 00
00 00 00 00 00 00 00 00 00 00 00 00 00 00 00 00 00 14 ac 0c 00 00 00 00 00 00 00 00
00 00 00 00 00 00 00 00 00 00 00 00 00 00 00 00 00 75 b1 00 00 00 00 00 00 00 00 00
00 00 00 00 00 00 00 00 00 00 00 00 00 00 00 00 2a f1 5d 00 00 00 00 00 00 00 00 00
00 00 00 00 00 00 00 00 00 00 00 00 00 00 00 00 47 dc 0c 00 00 00 00 00 00 00 00 00
00 00 00 00 00 00 00 00 00 00 07 46 00 00 00 00 a1 c0 00 00 00 00 00 00 00 00 00 00
00 00 00 00 00 00 00 00 00 00 24 f0 1e 00 00 42 fc c0 00 00 00 00 00 00 00 00 00 00
00 00 00 00 00 00 00 00 00 00 6a f4 28 00 00 50 fe 7b 00 00 00 00 00 00 00 00 00 00
00 00 00 00 00 00 00 00 00 00 7c fe cf c1 84 98 fe 69 00 00 46 65 00 00 00 00 00 00
00 00 00 00 00 00 00 00 00 02 9e fe fa f5 fe fe fe bf 73 b8 e4 21 00 00 00 00 00 00
00 00 00 00 00 00 00 00 00 69 fe cd 2e 03 6d fe fe fe fe ee 53 00 00 00 00 00 00 00
00 00 00 00 00 00 00 00 23 f3 f4 43 00 00 00 e1 e9 5e 46 00 00 00 00 00 00 00 00 00
00 00 00 00 00 00 00 00 89 fe c2 00 00 00 00 fe b7 00 00 00 00 00 00 00 00 00 00 00
00 00 00 00 00 00 00 00 de fe 50 00 00 00 53 fe b7 00 00 00 00 00 00 00 00 00 00 00
00 00 00 00 00 00 00 00 96 8c 05 00 00 00 58 ff b7 00 00 00 00 00 00 00 00 00 00 00
00 00 00 00 00 00 00 00 00 00 00 00 00 00 68 fe 8a 00 00 00 00 00 00 00 00 00 00 00
00 00 00 00 00 00 00 00 00 00 00 00 00 00 af fe 54 00 00 00 00 00 00 00 00 00 00 00
00 00 00 00 00 00 00 00 00 00 00 00 00 04 ca e3 06 00 00 00 00 00 00 00 00 00 00 00
00 00 00 00 00 00 00 00 00 00 00 00 00 0d eb c2 02 00 00 00 00 00 00 00 00 00 00 00
00 00 00 00 00 00 00 00 00 00 00 00 00 61 fe af 00 00 00 00 00 00 00 00 00 00 00 00
00 00 00 00 00 00 00 00 00 00 00 00 00 21 c4 37 00 00 00 00 00 00 00 00 00 00 00 00
00 00 00 00 00 00 00 00 00 00 00 00 00 00 00 00 00 00 00 00 00 00 00 00 00 00 00 00
00 00 00 00 00 00 00 00 00 00 00 00 00 00 00 00 00 00 00 00 00 00 00 00 00 00 00 00
00 00 00 00 00 00 00 00 00 00 00 00 00 00 00 00 00 00 00 00 00 00 00 00 00 00 00 00
