00 00 00 00 00 00 00 00 00 00 00 00 00 00 00 00 00 00 00 00 00 00 00 00 00 00 00 00
00 00 00 00 00 00 00 00 00 00 00 00 00 00 00 00 00 00 00 00 00 00 00 00 00 00 00 00
00 00 00 00 00 00 00 00 00 00 00 00 00 00 00 00 00 00 00 00 00 00 00 00 00 00 00 00
00 00 00 00 00 00 00 00 00 00 00 27 ad cf 4c 00 00 00 00 00 00 00 00 00 00 00 00 00
00 00 00 00 00 00 00 00 00 00 00 8d fc fc 8f 00 00 00 00 00 00 00 00 00 00 00 00 00
00 00 00 00 00 00 00 00 00 00 37 e6 fc fc 7f 00 00 00 00 00 00 00 00 00 00 00 00 00
00 00 00 00 00 00 00 00 00 00 b5 fc ec 65 08 00 00 00 00 00 00 00 00 00 00 00 00 00
00 00 00 00 00 00 00 00 00 00 b5 eb 46 00 00 00 00 00 00 00 00 00 00 00 00 00 00 00
00 00 00 00 00 00 00 00 00 26 eb b4 00 00 00 00 00 00 00 00 00 00 00 00 00 00 00 00
00 00 00 00 00 00 00 00 00 31 fc b4 00 00 00 00 00 00 00 00 00 00 00 00 00 00 00 00
00 00 00 00 00 00 00 00 00 31 fc 7b 00 00 00 00 00 00 00 00 00 00 00 00 00 00 00 00
00 00 00 00 00 00 00 00 00 31 fc 47 00 00 00 00 00 00 00 00 00 00 00 00 00 00 00 00
00 00 00 00 00 00 00 00 00 6b fc ae 00 00 00 00 7a 79 68 00 00 00 00 00 00 00 00 00
00 00 00 00 00 00 00 00 00 a4 fd b4 00 73 f2 fd ff fd fd fd a7 25 00 00 00 00 00 00
00 00 00 00 00 00 00 00 00 31 fc b4 09 dc fc fc 6d 6c 7d e9 fc bb 05 00 00 00 00 00
00 00 00 00 00 00 00 00 00 31 fc be 5c fc a7 60 00 00 00 13 d0 fc 7b 00 00 00 00 00
00 00 00 00 00 00 00 00 00 10 cc fc d4 fc 2f 00 00 00 00 00 b5 fc a7 00 00 00 00 00
00 00 00 00 00 00 00 00 00 00 b5 fc fc fc 8f 00 00 00 00 00 5f fc a7 00 00 00 00 00
00 00 00 00 00 00 00 00 00 00 92 fc fc fc 8f 00 00 00 00 00 60 fc 4c 00 00 00 00 00
00 00 00 00 00 00 00 00 00 00 0c cc fc fc 8f 00 00 00 00 50 ef c1 09 00 00 00 00 00
00 00 00 00 00 00 00 00 00 00 00 3e ea fc ed 9f 62 61 73 f1 e5 36 00 00 00 00 00 00
00 00 00 00 00 00 00 00 00 00 00 00 13 a8 fc fc fd fc fc fc 8c 00 00 00 00 00 00 00
00 00 00 00 00 00 00 00 00 00 00 00 00 05 3f 83 84 c9 eb 83 26 00 00 00 00 00 00 00
00 00 00 00 00 00 00 00 00 00 00 00 00 00 00 00 00 00 00 00 00 00 00 00 00 00 00 00
00 00 00 00 00 00 00 00 00 00 00 00 00 00 00 00 00 00 00 00 00 00 00 00 00 00 00 00
00 00 00 00 00 00 00 00 00 00 00 00 00 00 00 00 00 00 00 00 00 00 00 00 00 00 00 00
00 00 00 00 00 00 00 00 00 00 00 00 00 00 00 00 00 00 00 00 00 00 00 00 00 00 00 00
00 00 00 00 00 00 00 00 00 00 00 00 00 00 00 00 00 00 00 00 00 00 00 00 00 00 00 00
