00 00 00 00 00 00 00 00 00 00 00 00 00 00 00 00 00 00 00 00 00 00 00 00 00 00 00 00
00 00 00 00 00 00 00 00 00 00 00 00 00 00 00 00 00 00 00 00 00 00 00 00 00 00 00 00
00 00 00 00 00 00 00 00 00 00 00 00 00 00 00 00 00 00 00 00 00 00 00 00 00 00 00 00
00 00 00 00 00 00 00 00 00 00 00 00 00 00 00 00 00 00 00 00 00 00 00 00 00 00 00 00
00 00 00 00 00 00 00 00 00 00 00 00 00 00 00 00 00 00 00 00 00 00 00 00 00 00 00 00
00 00 00 00 00 00 00 00 00 00 00 00 00 00 00 00 00 22 22 15 00 00 00 02 22 74 52 00
00 00 00 00 00 00 00 00 00 00 00 00 00 00 29 43 a3 fe fd df 55 00 00 46 fd fd a2 00
00 00 00 00 00 00 00 00 00 00 00 00 00 c1 ed fd fd fe fd fd a4 00 4a fa fd fd 21 00
00 00 00 00 00 00 00 00 00 00 00 0f c4 fd fa e7 86 0b 67 eb c2 cd f7 f3 c0 0a 02 00
00 00 00 00 00 00 00 00 00 00 3f df fd e3 a3 00 00 00 80 fd fd fd fd 9c 00 00 00 00
00 00 00 00 00 00 00 00 00 4f fb fd fd 2d 00 00 00 00 8a fd fd fd 62 05 00 00 00 00
00 00 00 00 00 00 00 00 03 cb fc da 2d 02 00 00 00 29 ee f9 df 16 05 00 00 00 00 00
00 00 00 00 00 00 00 00 73 fd b7 00 00 00 00 00 58 fe fd 9a 00 00 00 00 00 00 00 00
00 00 00 00 00 00 00 00 94 fd b7 00 00 00 00 3a f5 ff cc 28 00 00 00 00 00 00 00 00
00 00 00 00 00 00 00 0f a2 fd c0 27 00 00 87 e7 fd e1 18 00 00 00 00 00 00 00 00 00
00 00 00 00 00 00 00 00 1e b6 fe b6 39 8b fe f4 ad 00 00 00 00 00 00 00 00 00 00 00
00 00 00 00 00 00 00 00 00 40 f6 fd fd fd fd b5 0f 00 00 00 00 00 00 00 00 00 00 00
00 00 00 00 00 00 00 00 00 00 c3 fd fd fd ad 0c 00 00 00 00 00 00 00 00 00 00 00 00
00 00 00 00 00 00 00 00 00 3e f9 fd fd fd e4 2c 00 00 00 00 00 00 00 00 00 00 00 00
00 00 00 00 00 00 00 00 0f ab fd f1 9f f0 fd e3 16 00 00 00 00 00 00 00 00 00 00 00
00 00 00 00 00 00 00 0c 83 fd cf 81 00 6b fd fd 51 00 00 00 00 00 00 00 00 00 00 00
00 00 00 00 00 00 00 2b fd fd af 0c 63 b0 fd fd b1 00 00 00 00 00 00 00 00 00 00 00
00 00 00 00 00 00 00 ce fd fd fd fd fd fd fd dc 1b 00 00 00 00 00 00 00 00 00 00 00
00 00 00 00 00 00 00 7d fd fd fd fd e2 b0 9c 11 00 00 00 00 00 00 00 00 00 00 00 00
00 00 00 00 00 00 00 21 8f 8f 85 21 15 00 00 00 00 00 00 00 00 00 00 00 00 00 00 00
00 00 00 00 00 00 00 00 00 00 00 00 00 00 00 00 00 00 00 00 00 00 00 00 00 00 00 00
00 00 00 00 00 00 00 00 00 00 00 00 00 00 00 00 00 00 00 00 00 00 00 00 00 00 00 00
00 00 00 00 00 00 00 00 00 00 00 00 00 00 00 00 00 00 00 00 00 00 00 00 00 00 00 00
