00 00 00 00 00 00 00 00 00 00 00 00 00 00 00 00 00 00 00 00 00 00 00 00 00 00 00 00
00 00 00 00 00 00 00 00 00 00 00 00 00 00 00 00 00 00 00 00 00 00 00 00 00 00 00 00
00 00 00 00 00 00 00 00 00 00 00 00 00 00 00 00 00 00 00 00 00 00 00 00 00 00 00 00
00 00 00 00 00 00 00 00 00 00 00 00 00 00 00 00 00 00 00 00 00 00 00 00 00 00 00 00
00 00 00 00 00 00 00 00 00 00 00 00 00 00 00 00 00 00 00 00 00 00 00 00 00 00 00 00
00 00 00 00 00 00 00 00 00 00 00 00 00 00 00 00 00 00 00 00 00 00 00 00 00 00 00 00
00 00 00 00 00 00 00 00 00 00 00 00 00 3e bf ff fd 89 0f 00 00 00 00 00 00 00 00 00
00 00 00 00 00 00 00 00 00 00 00 00 77 ec fc cf ec fc a0 00 00 00 00 00 00 00 00 00
00 00 00 00 00 00 00 00 00 00 07 8e ea e3 82 00 2c ca e3 11 00 00 00 00 00 00 00 00
00 00 00 00 00 00 00 00 00 00 a0 fc e3 32 00 00 00 5a fc 16 00 00 00 00 00 00 00 00
00 00 00 00 00 00 00 00 00 6a fd fc 4f 00 00 00 00 46 fc 4b 00 00 00 00 00 00 00 00
00 00 00 00 00 00 00 00 00 74 ff fd 45 00 00 00 00 51 fd be 00 00 00 00 00 00 00 00
00 00 00 00 00 00 00 00 00 2a e8 fc 66 09 00 2f 2f e4 fc 40 00 00 00 00 00 00 00 00
00 00 00 00 00 00 00 00 00 00 37 fc fc c4 b8 fd dd fc e3 10 00 00 00 00 00 00 00 00
00 00 00 00 00 00 00 00 00 00 05 43 a0 c2 a8 d3 fc fc a0 00 00 00 00 00 00 00 00 00
00 00 00 00 00 00 00 00 00 00 00 00 00 09 02 56 fc dd 23 00 00 00 00 00 00 00 00 00
00 00 00 00 00 00 00 00 00 00 00 00 00 00 00 ff fd b8 00 00 00 00 00 00 00 00 00 00
00 00 00 00 00 00 00 00 00 00 00 00 00 00 16 fd f4 62 00 00 00 00 00 00 00 00 00 00
00 00 00 00 00 00 00 00 00 00 00 00 00 00 92 fd ae 00 00 00 00 00 00 00 00 00 00 00
00 00 00 00 00 00 00 00 00 00 00 00 00 4c f8 fd 5c 00 00 00 00 00 00 00 00 00 00 00
00 00 00 00 00 00 00 00 00 00 00 00 00 90 fc f3 32 00 00 00 00 00 00 00 00 00 00 00
00 00 00 00 00 00 00 00 00 00 00 00 31 e9 fd 35 00 00 00 00 00 00 00 00 00 00 00 00
00 00 00 00 00 00 00 00 00 00 00 09 c5 fc e7 00 00 00 00 00 00 00 00 00 00 00 00 00
00 00 00 00 00 00 00 00 00 00 00 82 fc fc 6a 00 00 00 00 00 00 00 00 00 00 00 00 00
00 00 00 00 00 00 00 00 00 00 00 a1 fc b0 04 00 00 00 00 00 00 00 00 00 00 00 00 00
00 00 00 00 00 00 00 00 00 00 00 a1 fc 38 00 00 00 00 00 00 00 00 00 00 00 00 00 00
00 00 00 00 00 00 00 00 00 00 00 00 00 00 00 00 00 00 00 00 00 00 00 00 00 00 00 00
00 00 00 00 00 00 00 00 00 00 00 00 00 00 00 00 00 00 00 00 00 00 00 00 00 00 00 00
