00 00 00 00 00 00 00 00 00 00 00 00 00 00 00 00 00 00 00 00 00 00 00 00 00 00 00 00
00 00 00 00 00 00 00 00 00 00 00 00 00 00 00 00 00 00 00 00 00 00 00 00 00 00 00 00
00 00 00 00 00 00 00 00 00 00 00 00 00 00 00 00 00 00 00 00 00 00 00 00 00 00 00 00
00 00 00 00 00 00 00 00 00 00 00 00 00 00 00 00 00 00 00 00 00 00 00 00 00 00 00 00
00 00 00 00 00 00 00 00 00 00 00 00 16 b7 fc fe fc fc fc 4c 00 00 00 00 00 00 00 00
00 00 00 00 00 00 00 00 00 00 55 55 a8 fa fa fc fa fa fa fa 47 00 2b 55 0e 00 00 00
00 00 00 00 00 00 00 00 00 6b fc fa fa fa fa fc fa fa fa fa d2 00 7f fa 92 00 00 00
00 00 00 00 00 00 00 00 72 ed fc fa fa fa fa fc fa fa fa fa d2 00 7f fa fa 00 00 00
00 00 00 00 00 00 00 6b ed fa fc fa fa fa 4a 29 29 29 29 d9 22 00 7f fa fa 00 00 00
00 00 00 00 00 00 0f 94 fc fc fe ee 69 00 00 00 00 00 00 00 00 00 80 fc fc 00 00 00
00 00 00 00 00 0f 8c fa fa fa a7 6f 00 00 00 00 00 00 00 00 00 00 7f fa fa 00 00 00
00 00 00 00 00 2b fa fa fa fa 00 00 00 00 00 00 00 00 00 00 00 00 7f fa fa 00 00 00
00 00 00 00 00 b7 fa fa fa 6e 00 00 00 00 00 00 00 00 00 00 00 39 d2 fa fa 00 00 00
00 00 00 00 00 fc fa fa 6e 07 00 00 00 00 00 00 00 00 00 00 00 55 fa fa fa 00 00 00
00 00 00 00 00 fe fc fc 53 00 00 00 00 00 00 00 00 00 00 00 00 56 fc fc d9 00 00 00
00 00 00 00 00 fc fa fa 8a 0e 00 00 00 00 00 00 00 00 00 00 0f 8c fa fa 29 00 00 00
00 00 00 00 00 fc fa fa fa 29 00 00 00 00 00 00 00 00 00 00 2b fa fa fa 29 00 00 00
00 00 00 00 00 fc fa fa fa b5 00 00 00 00 00 00 00 00 00 00 b7 fa fa fa 29 00 00 00
00 00 00 00 00 4c fa fa fa fa 00 00 00 00 00 00 00 00 00 b1 fc fa fa 6e 07 00 00 00
00 00 00 00 00 24 e0 fc fc fc db 2b 2b 2b 07 00 0f 2b b7 fc ff fc 7e 00 00 00 00 00
00 00 00 00 00 00 55 fa fa fa fc fa fa fa 6f 56 8c fa fa fa fc de 53 00 00 00 00 00
00 00 00 00 00 00 2a bc fa fa fc fa fa fa fa fc fa fa fa fa 7e 53 00 00 00 00 00 00
00 00 00 00 00 00 00 7f fa fa fc fa fa fa fa fc fa fa 89 53 00 00 00 00 00 00 00 00
00 00 00 00 00 00 00 15 29 d9 fc fa fa fa fa d9 29 29 0e 00 00 00 00 00 00 00 00 00
00 00 00 00 00 00 00 00 00 00 00 00 00 00 00 00 00 00 00 00 00 00 00 00 00 00 00 00
00 00 00 00 00 00 00 00 00 00 00 00 00 00 00 00 00 00 00 00 00 00 00 00 00 00 00 00
00 00 00 00 00 00 00 00 00 00 00 00 00 00 00 00 00 00 00 00 00 00 00 00 00 00 00 00
00 00 00 00 00 00 00 00 00 00 00 00 00 00 00 00 00 00 00 00 00 00 00 00 00 00 00 00
