00 00 00 00 00 00 00 00 00 00 00 00 00 00 00 00 00 00 00 00 00 00 00 00 00 00 00 00
00 00 00 00 00 00 00 00 00 00 00 00 00 00 00 00 00 00 00 00 00 00 00 00 00 00 00 00
00 00 00 00 00 00 00 00 00 00 00 00 00 00 00 00 00 00 00 00 00 00 00 00 00 00 00 00
00 00 00 00 00 00 00 00 00 00 00 00 00 00 00 00 00 00 00 00 00 00 00 00 00 00 00 00
00 00 00 00 00 00 00 00 0b 49 49 73 72 49 2a 00 00 00 00 00 00 00 00 00 00 00 00 00
00 00 00 00 00 00 00 20 96 fc fc fc fc fc de 81 00 00 00 00 00 00 00 00 00 00 00 00
00 00 00 00 00 00 3f ed fc fc fc fc fc fc fd dd 7d 01 00 00 00 00 00 00 00 00 00 00
00 00 00 00 00 00 bf fc ec 8f 8f 8f 8f cd fd fc fc 6c 00 00 00 00 00 00 00 00 00 00
00 00 00 00 00 00 0f 9f c3 00 00 00 00 14 fd fc fc 94 00 00 00 00 00 00 00 00 00 00
00 00 00 00 00 00 00 00 29 00 00 00 00 00 e8 fc fc fc 00 00 00 00 00 00 00 00 00 00
00 00 00 00 00 00 00 00 00 00 00 00 00 00 6d fc fc fc 00 00 00 00 00 00 00 00 00 00
00 00 00 00 00 00 00 00 00 00 00 00 00 00 ab fd fd bf 00 00 00 00 00 00 00 00 00 00
00 00 00 00 00 00 00 00 00 00 00 00 00 00 fd fc fc 6c 00 00 00 00 00 00 00 00 00 00
00 00 00 00 00 00 00 00 00 00 00 00 06 78 fd fc f6 5c 00 00 00 00 00 00 00 00 00 00
00 00 00 00 00 00 00 00 00 00 00 00 78 fc fd fc 84 00 00 00 00 00 00 00 00 00 00 00
00 00 00 00 00 00 00 00 00 00 00 20 d4 fd ff b4 00 00 00 00 00 00 00 00 00 00 00 00
00 00 00 00 00 00 00 00 00 00 20 cf fc fc 77 19 00 00 00 00 00 00 00 00 00 00 00 00
00 00 00 00 00 00 00 00 00 01 81 fc fc fc 00 00 00 00 00 00 1b 25 25 1a 1b 25 00 00
00 00 00 00 00 00 00 00 15 90 fc fc fc fc 91 90 90 90 91 90 dd fc fd dd dd fc 00 00
00 00 00 00 00 00 00 00 63 fd fd fd fd fd ff fd fd fd ff fd fd fd ff 9f 3e 3e 00 00
00 00 00 00 00 00 00 00 2e dd fc fc fc fc fd fc fc fc fd e7 b3 61 23 05 00 00 00 00
00 00 00 00 00 00 00 00 00 7d d7 d7 d7 d7 d9 d7 70 47 48 33 00 00 00 00 00 00 00 00
00 00 00 00 00 00 00 00 00 00 00 00 00 00 00 00 00 00 00 00 00 00 00 00 00 00 00 00
00 00 00 00 00 00 00 00 00 00 00 00 00 00 00 00 00 00 00 00 00 00 00 00 00 00 00 00
00 00 00 00 00 00 00 00 00 00 00 00 00 00 00 00 00 00 00 00 00 00 00 00 00 00 00 00
00 00 00 00 00 00 00 00 00 00 00 00 00 00 00 00 00 00 00 00 00 00 00 00 00 00 00 00
00 00 00 00 00 00 00 00 00 00 00 00 00 00 00 00 00 00 00 00 00 00 00 00 00 00 00 00
00 00 00 00 00 00 00 00 00 00 00 00 00 00 00 00 00 00 00 00 00 00 00 00 00 00 00 00
