00 00 00 00 00 00 00 00 00 00 00 00 00 00 00 00 00 00 00 00 00 00 00 00 00 00 00 00
00 00 00 00 00 00 00 00 00 00 00 00 00 00 00 00 00 00 00 00 00 00 00 00 00 00 00 00
00 00 00 00 00 00 00 00 00 00 00 00 00 00 00 00 00 00 00 00 00 00 00 00 00 00 00 00
00 00 00 00 00 00 00 00 00 00 00 00 00 00 00 00 00 00 00 00 00 00 00 00 00 00 00 00
00 00 00 00 00 00 00 00 00 00 00 00 20 6d bf ff fd fd fd 6e 6d 1f 00 00 00 00 00 00
00 00 00 00 00 00 00 00 00 00 00 da e3 fc fc fd fc fc fc fd fc ce 1f 00 00 00 00 00
00 00 00 00 00 00 00 00 00 00 00 fd fc fc fc d9 84 d7 ec fd fc fc d3 00 00 00 00 00
00 00 00 00 00 00 00 00 00 00 00 aa fc fc a8 00 00 00 3e 6c e8 fc fc 00 00 00 00 00
00 00 00 00 00 00 00 00 00 00 00 00 00 00 00 00 00 00 00 6d fc fc fc 00 00 00 00 00
00 00 00 00 00 00 00 00 00 00 00 00 00 00 00 00 00 0b 49 e9 fc fc d2 00 00 00 00 00
00 00 00 00 00 00 00 00 00 00 00 00 00 00 00 00 0b 44 fc fd fc 7a 1f 00 00 00 00 00
00 00 00 00 00 00 00 00 00 00 00 00 00 00 00 3f af fc fc fd d2 1f 00 00 00 00 00 00
00 00 00 00 00 00 00 00 00 00 00 00 20 81 fd ff fd fd fd 54 00 00 00 00 00 00 00 00
00 00 00 00 00 00 00 00 00 00 00 5e e3 fc fc fd fc dc 23 00 00 00 00 00 00 00 00 00
00 00 00 00 00 00 00 00 00 00 00 5e f7 fc fc fd fc f1 62 00 00 00 00 00 00 00 00 00
00 00 00 00 00 00 00 00 00 00 00 00 5d 6c 6c 6c e8 fc fc 00 00 00 00 00 00 00 00 00
00 00 00 00 00 00 00 00 00 00 00 00 00 00 00 00 2a de fd 3f 00 00 00 00 00 00 00 00
00 00 00 20 c5 c4 1f 00 00 00 00 00 00 00 00 00 15 c9 fc 90 00 00 00 00 00 00 00 00
00 00 00 d4 fc f6 5c 00 00 00 00 00 00 00 00 00 b0 fc fc 90 00 00 00 00 00 00 00 00
00 00 00 fd fc d7 00 00 00 00 00 00 00 00 00 3f ed fc fc 3e 00 00 00 00 00 00 00 00
00 00 00 ff fd e8 6d 3e 00 00 00 00 00 10 bf ff fd ed 3e 00 00 00 00 00 00 00 00 00
00 00 00 62 f2 fc fc ed d9 72 49 87 d9 de fc fd fc ae 00 00 00 00 00 00 00 00 00 00
00 00 00 00 3e b4 fc fc fc fc fc fd fc fc fc d9 ae 14 00 00 00 00 00 00 00 00 00 00
00 00 00 00 00 10 6c 6c e8 fc fc fd fc fc a8 00 00 00 00 00 00 00 00 00 00 00 00 00
00 00 00 00 00 00 00 00 00 00 00 00 00 00 00 00 00 00 00 00 00 00 00 00 00 00 00 00
00 00 00 00 00 00 00 00 00 00 00 00 00 00 00 00 00 00 00 00 00 00 00 00 00 00 00 00
00 00 00 00 00 00 00 00 00 00 00 00 00 00 00 00 00 00 00 00 00 00 00 00 00 00 00 00
00 00 00 00 00 00 00 00 00 00 00 00 00 00 00 00 00 00 00 00 00 00 00 00 00 00 00 00
