00 00 00 00 00 00 00 00 00 00 00 00 00 00 00 00 00 00 00 00 00 00 00 00 00 00 00 00
00 00 00 00 00 00 00 00 00 00 00 00 00 00 00 00 00 00 00 00 00 00 00 00 00 00 00 00
00 00 00 00 00 00 00 00 00 00 00 00 00 00 00 00 00 00 00 00 00 00 00 00 00 00 00 00
00 00 00 00 00 00 00 00 00 00 00 00 00 00 00 00 00 00 00 00 00 00 00 00 00 00 00 00
00 00 00 00 00 00 00 00 00 00 00 00 00 00 00 00 00 00 00 00 00 00 00 00 00 00 00 00
00 00 00 00 00 00 00 00 00 00 00 00 00 00 00 00 00 00 c4 63 00 00 00 00 00 00 00 00
00 00 00 00 00 00 00 00 00 05 31 00 00 00 00 00 00 22 f4 62 00 00 00 00 00 00 00 00
00 00 00 00 00 00 00 00 00 59 87 00 00 00 00 00 00 28 fd 62 00 00 00 00 00 00 00 00
00 00 00 00 00 00 00 00 00 ab 96 00 00 00 00 00 00 28 fd 62 00 00 00 00 00 00 00 00
00 00 00 00 00 00 00 00 00 fe e9 00 00 00 00 00 00 4d fd 62 00 00 00 00 00 00 00 00
00 00 00 00 00 00 00 00 00 ff 88 00 00 00 00 00 00 4d fe 63 00 00 00 00 00 00 00 00
00 00 00 00 00 00 00 00 00 fe 87 00 00 00 00 00 00 7b fd 62 00 00 00 00 00 00 00 00
00 00 00 00 00 00 00 00 00 fe 87 00 00 00 00 00 00 88 fd 62 00 00 00 00 00 00 00 00
00 00 00 00 00 00 00 00 10 fe 87 00 00 00 00 00 00 88 ed 08 00 00 00 00 00 00 00 00
00 00 00 00 00 00 00 00 62 fe 87 00 00 26 63 62 62 db 9b 00 00 00 00 00 00 00 00 00
00 00 00 00 00 00 00 00 c4 ff d0 ba fe fe ff fe fe fe fe 00 00 00 00 00 00 00 00 00
00 00 00 00 00 00 00 00 69 fe fd ef b4 87 27 27 27 ed aa 00 00 00 00 00 00 00 00 00
00 00 00 00 00 00 00 00 00 89 5c 18 00 00 00 00 00 ea 9b 00 00 00 00 00 00 00 00 00
00 00 00 00 00 00 00 00 00 00 00 00 00 00 00 00 0d ed 9b 00 00 00 00 00 00 00 00 00
00 00 00 00 00 00 00 00 00 00 00 00 00 00 00 00 4f fd 9b 00 00 00 00 00 00 00 00 00
00 00 00 00 00 00 00 00 00 00 00 00 00 00 00 00 1f f2 9b 00 00 00 00 00 00 00 00 00
00 00 00 00 00 00 00 00 00 00 00 00 00 00 00 00 3d f8 9b 00 00 00 00 00 00 00 00 00
00 00 00 00 00 00 00 00 00 00 00 00 00 00 00 00 00 ea 9b 00 00 00 00 00 00 00 00 00
00 00 00 00 00 00 00 00 00 00 00 00 00 00 00 00 00 ea 9b 00 00 00 00 00 00 00 00 00
00 00 00 00 00 00 00 00 00 00 00 00 00 00 00 00 00 c4 9b 00 00 00 00 00 00 00 00 00
00 00 00 00 00 00 00 00 00 00 00 00 00 00 00 00 00 00 00 00 00 00 00 00 00 00 00 00
00 00 00 00 00 00 00 00 00 00 00 00 00 00 00 00 00 00 00 00 00 00 00 00 00 00 00 00
00 00 00 00 00 00 00 00 00 00 00 00 00 00 00 00 00 00 00 00 00 00 00 00 00 00 00 00
