00 00 00 00 00 00 00 00 00 00 00 00 00 00 00 00 00 00 00 00 00 00 00 00 00 00 00 00
00 00 00 00 00 00 00 00 00 00 00 00 00 00 00 00 00 00 00 00 00 00 00 00 00 00 00 00
00 00 00 00 00 00 00 00 00 00 00 00 00 00 00 00 00 00 00 00 00 00 00 00 00 00 00 00
00 00 00 00 00 00 00 00 00 00 00 00 00 00 00 00 00 00 00 00 00 00 00 00 00 00 00 00
00 00 00 00 00 00 00 00 00 00 00 00 00 00 00 00 00 00 00 00 00 00 00 00 00 00 00 00
00 00 00 00 00 00 00 00 00 00 0d b7 fd fd fd c1 69 69 37 00 00 00 00 00 00 00 00 00
00 00 00 00 00 00 00 00 00 12 aa fc fc fc fc fd fc fc e7 d0 67 1c 00 00 00 00 00 00
00 00 00 00 00 00 00 00 00 4b fc fc fc fc fc fd fc fc fc fc fc cd 09 00 00 00 00 00
00 00 00 00 00 00 00 00 00 91 fc bc 84 84 84 85 a0 fc fc fc fc fc 0e 00 00 00 00 00
00 00 00 00 00 00 00 05 4b e8 fc 9d 04 00 00 00 07 1d 63 b1 b1 b1 0a 00 00 00 00 00
00 00 00 00 00 00 00 0f fc fc fc fc 0e 00 00 00 00 00 00 00 00 00 00 00 00 00 00 00
00 00 00 00 00 00 00 07 b5 fc fc fc 0e 00 00 00 00 00 00 00 00 00 00 00 00 00 00 00
00 00 00 00 00 00 00 00 78 fc fc fc 63 15 00 00 00 00 00 00 00 00 00 00 00 00 00 00
00 00 00 00 00 00 00 00 31 eb fc fc fc cf c1 2e 23 00 00 00 00 00 00 00 00 00 00 00
00 00 00 00 00 00 00 00 78 fc fc fc fc fc fc fd c0 00 00 00 00 00 00 00 00 00 00 00
00 00 00 00 00 00 00 00 79 fd fd fd fd fd fd ff fd 96 00 00 00 00 00 00 00 00 00 00
00 00 00 00 00 00 00 00 78 fc fc 8c 2c 46 e3 fd fc f0 20 00 00 00 00 00 00 00 00 00
00 00 00 00 00 00 00 00 2a e0 df 2a 00 00 35 fd fc fc 84 00 00 00 00 00 00 00 00 00
00 00 00 00 00 00 00 00 00 28 27 00 00 00 00 fd fc fc 84 00 00 00 00 00 00 00 00 00
00 00 00 00 00 00 00 00 00 00 00 00 00 00 00 fd fc fc 84 00 00 00 00 00 00 00 00 00
00 00 00 00 00 00 00 00 00 09 1e 1e 02 00 00 fd fc fc 84 00 00 00 00 00 00 00 00 00
00 00 00 00 00 00 00 00 00 4b fc fc 8c 86 86 fd fc fc 84 00 00 00 00 00 00 00 00 00
00 00 00 00 00 00 00 00 00 4b fc fc fc fc fc fd fc f6 56 00 00 00 00 00 00 00 00 00
00 00 00 00 00 00 00 00 00 3e 78 e7 fc fc fc fd fc d2 00 00 00 00 00 00 00 00 00 00
00 00 00 00 00 00 00 00 00 00 00 37 9b fc fc fd 80 24 00 00 00 00 00 00 00 00 00 00
00 00 00 00 00 00 00 00 00 00 00 00 00 00 00 00 00 00 00 00 00 00 00 00 00 00 00 00
00 00 00 00 00 00 00 00 00 00 00 00 00 00 00 00 00 00 00 00 00 00 00 00 00 00 00 00
00 00 00 00 00 00 00 00 00 00 00 00 00 00 00 00 00 00 00 00 00 00 00 00 00 00 00 00
