00 00 00 00 00 00 00 00 00 00 00 00 00 00 00 00 00 00 00 00 00 00 00 00 00 00 00 00
00 00 00 00 00 00 00 00 00 00 00 00 00 00 00 00 00 00 00 00 00 00 00 00 00 00 00 00
00 00 00 00 00 00 00 00 00 00 00 00 00 00 4e ff b3 49 00 00 00 00 00 00 00 00 00 00
00 00 00 00 00 00 00 00 00 00 00 00 00 19 cb fd fd b7 00 00 00 00 00 00 00 00 00 00
00 00 00 00 00 00 00 00 00 00 00 00 12 ca fd fd fd 5f 00 00 00 00 00 00 00 00 00 00
00 00 00 00 00 00 00 00 00 00 00 00 58 fd fd fd 84 01 00 00 00 00 00 00 00 00 00 00
00 00 00 00 00 00 00 00 00 00 00 59 ed fd fd d4 1f 00 00 00 00 00 00 00 00 00 00 00
00 00 00 00 00 00 00 00 00 00 00 ef fd fd d3 23 00 00 00 00 00 00 00 00 00 00 00 00
00 00 00 00 00 00 00 00 00 25 ef fc fd d1 17 00 00 00 00 00 00 00 00 00 00 00 00 00
00 00 00 00 00 00 00 00 44 c3 fd fd d3 21 00 00 00 00 00 00 00 00 00 00 00 00 00 00
00 00 00 00 00 00 00 00 ac fd fd fd 44 00 00 00 00 00 00 00 00 00 00 00 00 00 00 00
00 00 00 00 00 00 00 00 99 fd fd fd 44 00 00 00 00 45 4e 4e 4e 4b 00 00 00 00 00 00
00 00 00 00 00 00 00 67 fb fd fd b3 15 00 00 1f b1 f4 fd fd fd f6 0e 00 00 00 00 00
00 00 00 00 00 00 00 92 fd fd fd 0e 00 00 26 d6 fd fd f5 ba fd fd 91 00 00 00 00 00
00 00 00 00 00 00 00 92 fd fd fd 0e 00 00 d5 fd fd ea 4f 0e dc fb 6a 00 00 00 00 00
00 00 00 00 00 00 00 92 fd fd a0 05 00 59 f6 fd f5 4f 00 00 d8 fa 62 00 00 00 00 00
00 00 00 00 00 00 00 92 fd fd 73 00 00 83 fd fd 81 00 00 36 e9 fd 91 00 00 00 00 00
00 00 00 00 00 00 0c ac fd fd 73 00 08 a1 fd f7 63 37 a5 e9 fd d1 16 00 00 00 00 00
00 00 00 00 00 00 2f fd fd fd cb a2 ad fd fd f5 a2 f2 fd fd d1 21 00 00 00 00 00 00
00 00 00 00 00 00 1b cf fd fd fd fd fd fd fd fd fd fd fd cb 16 00 00 00 00 00 00 00
00 00 00 00 00 00 00 1a c3 c7 e5 fd fd fd fd fd fd ee bd 19 00 00 00 00 00 00 00 00
00 00 00 00 00 00 00 00 00 00 37 f4 fd fd fd fd fd 5a 00 00 00 00 00 00 00 00 00 00
00 00 00 00 00 00 00 00 00 00 00 00 00 00 00 00 00 00 00 00 00 00 00 00 00 00 00 00
00 00 00 00 00 00 00 00 00 00 00 00 00 00 00 00 00 00 00 00 00 00 00 00 00 00 00 00
00 00 00 00 00 00 00 00 00 00 00 00 00 00 00 00 00 00 00 00 00 00 00 00 00 00 00 00
00 00 00 00 00 00 00 00 00 00 00 00 00 00 00 00 00 00 00 00 00 00 00 00 00 00 00 00
00 00 00 00 00 00 00 00 00 00 00 00 00 00 00 00 00 00 00 00 00 00 00 00 00 00 00 00
00 00 00 00 00 00 00 00 00 00 00 00 00 00 00 00 00 00 00 00 00 00 00 00 00 00 00 00
