00 00 00 00 00 00 00 00 00 00 00 00 00 00 00 00 00 00 00 00 00 00 00 00 00 00 00 00
00 00 00 00 00 00 00 00 00 00 00 00 00 00 00 00 00 00 00 00 00 00 00 00 00 00 00 00
00 00 00 00 00 00 00 00 00 00 00 00 00 00 00 00 00 00 00 00 00 00 00 00 00 00 00 00
00 00 00 00 00 00 00 00 00 00 00 00 00 00 00 00 00 00 00 00 00 00 00 00 00 00 00 00
00 00 00 00 00 00 00 00 00 00 00 00 00 00 00 00 00 00 00 00 00 00 00 00 00 00 00 00
00 00 00 00 00 00 00 00 00 00 00 00 00 00 00 00 00 00 00 00 00 00 00 00 00 00 00 00
00 00 00 00 00 00 00 00 00 00 00 00 00 00 00 00 00 00 00 00 00 00 00 00 00 00 00 00
00 00 00 00 00 00 00 00 00 00 00 00 00 00 00 00 00 00 00 00 00 00 00 00 00 00 00 00
00 00 00 00 00 00 00 00 00 00 00 00 00 00 00 00 00 00 00 00 00 00 00 00 00 00 00 00
00 00 00 00 00 00 05 19 64 6a 6a 6a 6a 6a 7f a2 6a 6a 6a 28 13 00 00 00 00 00 00 00
00 00 00 1d 76 8f c3 fe fe fe fe fa da da c0 c1 d9 da df fe f2 81 02 00 00 00 00 00
00 00 00 f1 fe fe d6 7e 66 2c 2c 27 00 00 00 00 00 00 06 2c a8 fe 78 00 00 00 00 00
00 00 00 bf f7 53 10 00 00 00 00 00 00 00 00 00 00 00 00 00 08 a3 db 00 00 00 00 00
00 00 00 25 be de 0d 00 00 00 00 00 00 00 00 00 00 00 00 00 00 96 ff 00 00 00 00 00
00 00 00 00 2d ec a6 0c 00 00 00 00 00 00 00 00 00 00 00 00 00 97 fd 00 00 00 00 00
00 00 00 00 00 8e fe 71 00 00 00 00 00 00 00 00 00 00 00 00 16 f0 ad 00 00 00 00 00
00 00 00 00 00 1e 9d 41 00 00 00 00 00 00 00 00 00 00 00 00 39 fe 8a 00 00 00 00 00
00 00 00 00 00 00 00 00 00 00 00 00 00 00 00 00 00 00 00 00 46 f4 34 00 00 00 00 00
00 00 00 00 00 00 00 00 00 00 00 00 00 00 00 00 00 00 00 18 c7 a9 00 00 00 00 00 00
00 00 00 00 00 00 00 00 00 00 00 00 00 00 00 00 00 00 00 89 f0 1b 00 00 00 00 00 00
00 00 00 00 00 00 00 00 00 00 00 00 00 00 00 00 00 00 1f fc ad 00 00 00 00 00 00 00
00 00 00 00 00 00 00 00 00 00 00 00 00 00 00 00 00 01 8f ef 33 00 00 00 00 00 00 00
00 00 00 00 00 00 00 00 00 00 00 00 00 00 00 00 00 35 fe 91 00 00 00 00 00 00 00 00
00 00 00 00 00 00 00 00 00 00 00 00 00 00 00 00 07 da db 0c 00 00 00 00 00 00 00 00
00 00 00 00 00 00 00 00 00 00 00 00 00 00 00 00 9a e6 2e 00 00 00 00 00 00 00 00 00
00 00 00 00 00 00 00 00 00 00 00 00 00 00 00 9a a7 16 00 00 00 00 00 00 00 00 00 00
00 00 00 00 00 00 00 00 00 00 00 00 00 00 00 30 01 00 00 00 00 00 00 00 00 00 00 00
00 00 00 00 00 00 00 00 00 00 00 00 00 00 00 00 00 00 00 00 00 00 00 00 00 00 00 00
