00 00 00 00 00 00 00 00 00 00 00 00 00 00 00 00 00 00 00 00 00 00 00 00 00 00 00 00
00 00 00 00 00 00 00 00 00 00 00 00 00 00 00 00 00 00 00 00 00 00 00 00 00 00 00 00
00 00 00 00 00 00 00 00 00 00 00 00 00 00 00 00 00 00 00 00 00 00 00 00 00 00 00 00
00 00 00 00 00 00 00 00 00 00 00 00 00 00 00 00 00 00 00 00 00 00 00 00 00 00 00 00
00 00 00 00 00 00 00 00 00 00 00 00 00 00 00 00 00 00 16 72 94 ff da 1e 00 00 00 00
00 00 00 00 00 00 00 00 00 00 00 00 00 00 00 00 32 79 dd fc fc fd fc 7e 00 00 00 00
00 00 00 00 00 00 00 00 00 00 00 00 00 02 30 ab f5 fc fc f7 8f 90 e7 48 00 00 00 00
00 00 00 00 00 00 00 00 00 00 00 00 00 77 fc fc fd e7 b4 3f 00 00 00 00 00 00 00 00
00 00 00 00 00 00 00 00 00 00 00 3e 8d f9 fc d0 56 1c 00 00 00 00 00 00 00 00 00 00
00 00 00 00 00 00 00 00 00 00 50 d2 fd f1 50 00 00 00 00 00 00 00 00 16 2b 07 00 00
00 00 00 00 00 00 00 00 08 70 f2 fd e0 42 00 00 00 00 00 00 00 32 79 dd e7 1c 00 00
00 00 00 00 00 00 00 00 1f fc fc 99 0e 00 00 00 00 00 02 30 d7 f5 d2 76 10 00 00 00
00 00 00 00 00 00 00 00 7f fc e2 00 00 00 00 00 00 39 b0 fc e2 80 38 00 00 00 00 00
00 00 00 00 00 00 00 00 ab fc eb 00 00 00 00 2d a8 e1 fc b6 2a 00 00 00 00 00 00 00
00 00 00 00 00 00 00 00 16 fd fd ed 37 30 da fd f7 b0 35 00 00 00 00 00 00 00 00 00
00 00 00 00 00 00 00 00 06 9a fc fd e7 f7 e7 a8 35 00 00 00 00 00 00 00 00 00 00 00
00 00 00 00 00 00 00 00 00 0b da fd fc fc 65 00 00 00 00 00 00 00 00 00 00 00 00 00
00 00 00 00 00 00 00 00 29 be fc fd fc fc e7 1c 00 00 00 00 00 00 00 00 00 00 00 00
00 00 00 00 00 00 00 24 df fc fc bf 67 f4 fc 56 00 00 00 00 00 00 00 00 00 00 00 00
00 00 00 00 00 00 19 e3 fd e1 7c 00 00 42 fd fd 00 00 00 00 00 00 00 00 00 00 00 00
00 00 00 00 00 00 7b fc ec 15 00 00 00 16 fc fc 00 00 00 00 00 00 00 00 00 00 00 00
00 00 00 00 00 00 94 fc bd 16 16 80 a2 ea fc be 00 00 00 00 00 00 00 00 00 00 00 00
00 00 00 00 00 00 7a fc fc fc fc fd fc f7 bd 1f 00 00 00 00 00 00 00 00 00 00 00 00
00 00 00 00 00 00 07 9c fc fc a4 bf 93 2f 00 00 00 00 00 00 00 00 00 00 00 00 00 00
00 00 00 00 00 00 00 00 00 00 00 00 00 00 00 00 00 00 00 00 00 00 00 00 00 00 00 00
00 00 00 00 00 00 00 00 00 00 00 00 00 00 00 00 00 00 00 00 00 00 00 00 00 00 00 00
00 00 00 00 00 00 00 00 00 00 00 00 00 00 00 00 00 00 00 00 00 00 00 00 00 00 00 00
00 00 00 00 00 00 00 00 00 00 00 00 00 00 00 00 00 00 00 00 00 00 00 00 00 00 00 00
