00 00 00 00 00 00 00 00 00 00 00 00 00 00 00 00 00 00 00 00 00 00 00 00 00 00 00 00
00 00 00 00 00 00 00 00 00 00 00 00 00 00 00 00 00 00 00 00 00 00 00 00 00 00 00 00
00 00 00 00 00 00 00 00 00 00 00 00 00 00 00 00 00 00 00 00 00 00 00 00 00 00 00 00
00 00 00 00 00 00 00 00 00 00 00 00 00 00 00 00 00 00 00 00 00 00 00 00 00 00 00 00
00 00 00 00 00 00 00 00 00 00 00 00 00 00 00 00 00 00 00 00 00 00 00 00 00 00 00 00
00 00 00 00 00 00 00 00 00 00 00 00 00 00 00 00 00 00 00 00 00 00 00 00 00 00 00 00
00 00 00 00 00 00 00 00 00 00 00 00 00 00 00 00 00 00 00 00 00 00 00 00 00 00 00 00
00 00 00 00 00 00 00 00 00 00 00 06 74 fe ff fe b5 08 00 00 00 00 00 00 00 00 00 00
00 00 00 00 00 00 00 00 00 00 11 a4 fd fd fe fd fd 1a 00 31 00 00 00 00 00 00 00 00
00 00 00 00 00 00 00 00 00 15 be fd fd fd eb fb fd 1a 0b da 31 00 00 00 00 00 00 00
00 00 00 00 00 00 00 00 0a ab fd fd e6 72 12 19 cf 15 3f fd 34 00 00 00 00 00 00 00
00 00 00 00 00 00 00 00 2c fd f8 a6 16 00 00 00 0c 00 cf fd 34 00 00 00 00 00 00 00
00 00 00 00 00 00 00 00 75 fd ac 00 00 00 00 00 00 38 f7 e0 1b 00 00 00 00 00 00 00
00 00 00 00 00 00 00 00 c9 d8 0b 00 00 00 00 00 10 b6 fd 5c 00 00 00 00 00 00 00 00
00 00 00 00 00 00 00 13 e6 82 00 00 00 00 0c 7f e4 fd db 0b 00 00 00 00 00 00 00 00
00 00 00 00 00 00 00 00 db b1 24 43 64 99 e6 fd f5 fc 71 00 00 00 00 00 00 00 00 00
00 00 00 00 00 00 00 00 9e fd fd fd fd fd fe ae 06 e3 23 00 00 00 00 00 00 00 00 00
00 00 00 00 00 00 00 00 2c fe fe fe fe a9 58 03 00 e4 23 00 00 00 00 00 00 00 00 00
00 00 00 00 00 00 00 00 11 6c ae 9c 5d 03 00 00 11 ea 23 00 00 00 00 00 00 00 00 00
00 00 00 00 00 00 00 00 00 00 00 00 00 00 00 00 3e fd 23 00 00 00 00 00 00 00 00 00
00 00 00 00 00 00 00 00 00 00 00 00 00 00 00 00 3e fd 23 00 00 00 00 00 00 00 00 00
00 00 00 00 00 00 00 00 00 00 00 00 00 00 00 00 6b e1 11 91 24 00 00 00 00 00 00 00
00 00 00 00 00 00 00 00 00 00 00 00 00 00 00 00 94 e2 89 9c 00 00 00 00 00 00 00 00
00 00 00 00 00 00 00 00 00 00 00 00 00 00 00 00 94 fd da 09 00 00 00 00 00 00 00 00
00 00 00 00 00 00 00 00 00 00 00 00 00 00 00 00 94 fd 71 00 00 00 00 00 00 00 00 00
00 00 00 00 00 00 00 00 00 00 00 00 00 00 00 00 94 fd 3b 00 00 00 00 00 00 00 00 00
00 00 00 00 00 00 00 00 00 00 00 00 00 00 00 00 62 f4 23 00 00 00 00 00 00 00 00 00
00 00 00 00 00 00 00 00 00 00 00 00 00 00 00 00 00 00 00 00 00 00 00 00 00 00 00 00
