00
00
00
00
00
00
00
00
00
00
00
00
00
00
00
00
00
00
00
00
00
00
00
00
00
00
00
00
00
00
00
00
00
00
00
00
00
00
00
00
00
00
00
00
00
00
00
00
02
3A
90
82
AA
DA
00
AF
BA
13
18
43
18
00
00
24
78
52
30
44
0C
00
00
00
28
FB
28
48
70
1F
10
C2
FF
00
00
03
F2
00
00
00
03
74
69
10
6C
77
64
00
01
70
06
08
04
08
00
00
FA
00
80
00
FE
FE
FE
FE
FE
05
06
00
00
00
00
00
00
00
00
10
1D
10
12
FF
C0
0C
00
40
01
81
20
70
40
D2
08
4F
41
FC
C0
04
EE
00
01
00
04
03
00
10
14
00
70
00
70
7B
11
28
BC
4F
70
70
FF
4A
08
00
CD
00
05
CD
11
00
0F
00
FF
00
AE
69
20
85
20
72
20
00
00
00
00
07
AC
AC
AC
AC
8D
2D
06
D6
F5
02
B8
30
00
20
F0
AF
20
07
70
00
00
00
00
00
00
00
00
00
FA
00
